5500
100
2000
5257
5260
5278
5263
5260
5285
5313
5280
5269
5291
5260
5286
5301
5384
5332
5324
5301
5366
5407
5300
5338
5296
5265
5352
5296
5439
5311
5476
5433
5342
5361
5394
5389
5415
5306
5374
5367
5435
5454
5320
5363
5416
5409
5303
5346
5429
5283
5467
5400
5533
5408
5827
5650
5362
5429
5883
5858
6032
5636
5374
5452
5396
5662
5844
5479
5443
5607
5525
5918
5407
5577
6068
5516
5376
5617
5813
5770
5586
5668
5566
5428
5456
5512
5964
6046
5605
5597
5705
5596
5718
5942
5494
5521
5361
6140
5568
5776
5416
5759
6318
