11000
300
3000
9755
9781
9757
9796
9781
9760
9782
9797
9805
9799
9792
9785
9763
9793
9797
9798
9881
9841
9964
10060
9799
9793
9826
9831
9950
9789
9860
9797
9800
9802
9841
9971
9845
9961
9997
9842
9911
9968
10087
10537
10316
10072
9959
9831
9893
9905
9920
10060
9877
10168
10004
10258
10056
9887
9940
10090
9835
9837
9990
10085
9912
9871
9858
10242
10120
9956
9951
10114
10216
10017
10674
9993
10107
10029
9946
10445
10672
10168
10226
13814
10871
11084
11040
10299
10178
10102
10413
10103
10266
10427
9894
9946
12329
10261
9955
10095
10491
10396
10038
10602
10311
10228
10576
10815
10277
10077
10169
10213
9988
10402
10143
10797
10139
9930
10273
10723
9939
10140
11533
10420
10475
9962
9942
9921
10558
11217
10178
10424
10361
10172
10678
10813
11682
10078
10222
10351
10411
10362
10236
10258
10235
11997
10798
10029
10025
10110
10316
10696
10142
10735
10052
12991
11419
10851
10992
10647
11901
11449
11017
15082
14494
11972
13405
12081
11549
12791
12241
13180
10597
10490
10788
11237
11015
10560
10698
10547
10961
12639
10318
12408
13851
9937
13804
11221
10538
12405
12960
12691
10342
10932
10986
10989
10430
14438
11080
11409
11320
10179
10707
11139
13070
10349
11190
10316
10680
10834
14132
13170
11556
11635
13120
11156
10695
13029
10754
13386
10219
12001
13415
14821
12979
10759
11210
11253
10918
11515
10637
10585
10457
12987
11689
12192
14143
10451
10479
10733
14144
12899
12956
10527
12606
11682
10597
9963
13445
12757
10086
11365
13184
15591
10993
12871
13450
11666
13357
10920
13312
11447
11071
10846
10205
11123
10781
11235
10915
12373
13529
11695
10340
10455
10377
14086
10636
13568
12469
11329
11213
14185
10741
10290
12670
10632
10580
13948
13369
10864
11692
10205
10552
13297
12679
11024
14438
11533
10407
11639
12254
14180
13943
12494
