8000
200
4000
7650
7655
7651
7662
7655
7666
7660
7664
7668
7663
7722
7667
7716
7721
7695
7693
7688
7686
7773
7683
7666
7753
7725
7743
7741
7723
7761
7740
7742
7793
7811
7739
7696
7794
7723
7761
7758
7809
7781
7852
7698
7815
7749
7772
7759
7756
7788
7771
7756
7748
7812
7730
7780
7934
7841
7893
7910
8162
7904
8114
7840
7854
8086
7745
7845
7697
8003
7960
7814
7735
8127
7789
7837
7855
7784
7815
8087
7809
7801
7860
7924
7729
7809
7825
7815
8215
7926
8240
7817
7800
7916
7819
7820
7961
7873
7781
7977
7812
7772
7810
7909
7923
8030
8162
8743
7968
7847
8184
8454
8286
8906
8092
8341
8148
8058
8635
8371
8124
7987
8203
8496
8009
7882
8604
8635
8202
8292
7754
7871
7908
8099
7841
7733
8036
8159
8287
8039
8280
7965
8836
7849
8258
8343
8301
8172
8223
8252
8530
8075
7880
7808
8261
7902
9056
8364
8683
8827
7912
8131
7904
8080
7952
8098
8118
8103
7906
8263
8079
7961
8180
7862
8674
8261
8139
8072
8336
8263
8520
7950
8424
8152
8635
8373
8429
7948
8223
8247
8343
8201
8566
8310
8132
8390
8216
8322
7892
7816
8126
7991
7992
