12500
250
4500
11888
11890
11888
11904
11893
11889
11901
11983
11916
11920
11908
11895
11957
11907
11902
12025
11994
12015
11933
12020
11989
11956
12063
11952
11914
11982
12059
11936
11964
11907
11958
12115
12130
12112
12047
12046
12067
12037
12027
12047
12035
12042
12093
11994
11985
12226
12082
12128
12063
11973
11955
11986
12016
12105
12090
12045
12018
11996
12021
12133
12071
12002
12329
12268
12388
12358
12204
12147
12307
12191
12062
12121
12075
12450
12336
12276
12162
12537
12093
12455
12451
12144
12281
12418
12232
12137
12096
12629
12082
12651
12234
12229
12389
12139
12244
12193
12150
12446
12225
12417
12294
11962
12197
12069
12032
12573
12055
12337
12591
12321
12334
12616
12590
13057
12333
12121
12115
12123
12025
12172
12195
12181
12071
12129
12253
12346
12452
13378
13515
12864
12417
12518
13200
12965
12562
13153
12583
13035
13743
12618
12506
12236
12187
13832
12131
13158
12081
12772
13090
12827
12488
12651
12341
13359
12567
12756
14114
12171
12120
13321
14698
12870
12459
13159
13072
13244
14037
12784
13185
12312
13493
12199
12554
12191
12173
13888
12815
12215
12264
12793
12923
12735
12587
13093
13135
13628
13062
12763
13298
13037
12633
12268
12800
12383
12157
13922
13248
12353
12335
12978
13275
13043
12516
12114
12373
12356
13574
12275
13188
12985
12338
12957
13665
12840
13293
12481
12497
12887
12621
12817
13701
12405
13311
12925
13134
12854
13107
13168
13543
12760
13064
13859
13477
12226
12794
13045
12460
12258
12204
13386
12214
12893
13327
12671
13668
12841
12075
13483
12398
12567
