10000
180
2700
9392
9397
9400
9399
9420
9402
9444
9412
9417
9429
9423
9475
9506
9447
9455
9499
9520
9543
9435
9518
9444
9440
9465
9548
9528
9569
9526
9764
9516
9489
9690
9502
9538
9544
9775
9571
9586
9473
9645
9716
9556
9575
9638
9454
9800
9486
9654
9748
9561
9623
9706
9697
9570
10660
9613
9798
9846
9872
9544
9516
9747
9711
9754
9560
9845
9567
9637
9758
9571
9852
9813
9934
9902
9721
9632
9549
9655
9800
9812
9840
9902
9804
9601
9788
9728
9833
9694
9577
9673
10188
10770
9901
9529
9789
9687
10636
10429
9945
11292
10128
9667
9977
9943
10523
9808
10196
9718
10756
10987
9847
9811
10638
12416
9973
10261
10076
11932
10473
10137
9544
9694
9856
10838
10118
9764
9759
11979
9893
10017
11982
10051
9594
11276
9853
9857
11019
10871
9627
9664
10677
10273
10133
11989
10633
10721
9953
9986
9922
9964
12230
12172
10303
9717
10262
10278
11095
10474
10009
10154
10890
10202
10281
10656
10678
10951
9687
9721
10536
10502
9832
9975
11982
10404
10374
9707
9714
9582
10530
10965
10758
