4000
120
5000
3867
3867
3867
3870
3873
3867
3867
3872
3870
3874
3874
3872
3868
3875
3878
3883
3880
3874
3878
3938
3894
3891
3896
3954
3877
3924
3873
3878
3876
3885
3894
3939
3891
4057
3894
3874
3886
3895
3920
4119
4268
3894
3977
4013
3945
3921
3946
3954
4046
3896
3886
3959
3926
3884
3908
3957
3878
3931
3903
3913
4419
4053
4123
3990
4003
4134
3900
4070
4078
3938
4078
3926
4142
3963
4231
3906
4033
4003
3996
4130
4193
4403
4453
4182
3935
4118
4192
4055
4291
4095
4092
4018
4280
4309
3963
4099
4082
4189
4243
4088
3917
4279
3931
4195
4116
4018
4076
3885
4212
4072
4005
4238
4041
3892
3966
3985
4012
3938
3959
4031
