1200
280
4200
1123
1124
1123
1126
1124
1126
1124
1128
1126
1125
1126
1130
1128
1136
1124
1131
1128
1130
1138
1129
1125
1132
1138
1131
1134
1132
1130
1140
1138
1125
1137
1136
1133
1132
1131
1133
1132
1155
1139
1130
1159
1126
1143
1148
1142
1180
1141
1135
1132
1137
1140
1132
1144
1137
1139
1144
1159
1149
1149
1137
1126
1141
1150
1163
1136
1140
1153
1140
1136
1146
1215
1143
1143
1146
1134
1176
1158
1160
1169
1135
1140
1210
1180
1147
1139
1204
1149
1189
1178
1180
1202
1181
1210
1172
1149
1150
1155
1196
1133
1188
1142
1144
1151
1173
1136
1168
1150
1144
1139
1154
1151
1157
1185
1161
1172
1150
1184
1155
1166
1146
1141
1228
1147
1206
1205
1171
1155
1176
1192
1138
1137
1155
1146
1155
1172
1142
1164
1147
1152
1194
1338
1231
1236
1146
1226
1216
1161
1173
1356
1148
1168
1205
1185
1177
1275
1346
1179
1177
1264
1233
1235
1230
1220
1301
1318
1187
1215
1231
1353
1281
1189
1262
1211
1191
1290
1245
1307
1240
1184
1238
1321
1294
1209
1239
1210
1236
1292
1296
1200
1211
1198
1167
1172
1158
1189
1389
1352
1150
1192
1200
1300
1180
1201
1184
1255
1280
1332
1174
1180
1174
1225
1412
1170
1166
1350
1261
1166
1187
1449
1174
1451
1248
1189
1423
1348
1214
1195
1275
1183
1296
1193
1250
1242
1195
1233
1195
1198
1168
1188
1262
1174
1182
1167
1229
1287
1173
1190
1473
1390
1315
1207
1266
1235
1228
1392
1362
1227
1221
1299
1280
1139
1197
1330
1299
1166
1169
1168
1321
1366
1234
1252
1307
1338
1548
1477
1287
1154
1257
1663
1204
