6500
150
3600
6256
6267
6257
6270
6269
6261
6272
6273
6288
6283
6303
6281
6269
6273
6289
6273
6315
6290
6296
6359
6308
6307
6321
6319
6296
6346
6363
6303
6325
6296
6350
6332
6292
6345
6325
6412
6339
6497
6301
6361
6521
6332
6333
6555
6390
6339
6412
6377
6342
6471
6300
6373
6456
6390
6377
6309
6362
6396
6356
6352
6312
6363
6539
6477
6419
6378
6293
6369
6418
6345
6356
6436
6601
6342
6376
6499
6646
6816
6922
6422
6588
7115
6533
6374
6410
6508
6692
6853
6698
6720
6708
6344
6359
6436
6875
6803
6392
6501
6930
6728
7064
6547
6515
6379
6525
6513
6771
6486
7025
6681
6434
6309
7056
6935
6976
6556
6591
6561
6421
6600
6619
6344
6496
6652
6537
6847
6628
6952
6526
7233
6558
6764
6535
6513
6389
6692
6860
6847
6795
6554
6479
6489
6446
7229
6614
7141
6746
6620
6526
6403
