4000
120
5000
3996
4003
4003
4003
4001
4002
4004
3997
4004
3996
3995
3999
4004
4001
3997
3997
4003
4003
3998
3998
4004
4003
3996
4001
3997
4003
4003
4004
4000
4003
4000
4002
3997
3998
4003
3997
4005
3995
4002
3998
4004
3995
4001
3999
3996
4005
4003
4002
3995
4005
3997
4005
3998
3999
4000
3998
3997
3996
4002
3997
4005
4003
4000
3997
3995
4002
4003
4002
3999
4005
3997
4004
3995
3998
3997
4001
3996
4004
3999
3998
3997
4004
4002
3995
3998
3996
3999
4001
4001
4005
3999
4002
4005
4000
4000
4004
4000
3999
4003
3997
3997
3997
3998
3999
4001
4001
3998
3996
4002
4005
4002
4000
3999
3996
3999
3998
3997
3999
3997
4003
