10000
180
2700
10010
10007
10009
9982
10008
10004
9981
10011
10009
10019
10022
9980
9998
10022
9999
9993
9979
10003
9983
10018
10022
10019
9989
10022
10015
10016
9992
9979
10020
9994
9985
9980
9994
10009
10005
9987
9982
10008
10019
9997
9986
10014
10016
9982
9997
10013
10005
10007
10022
9992
9996
9993
9980
9981
10006
9986
9991
10007
10003
10011
10019
10020
9991
10002
10018
9998
9987
9986
9979
10016
9984
9994
9999
10001
10006
10015
9979
10010
10008
10019
10009
9981
9987
10012
9994
10002
9999
9984
10004
10010
9983
10013
9989
10018
10004
10016
9989
9993
10007
10006
9993
9981
9993
9989
9999
9992
9987
9983
10022
10005
9994
9987
10002
10008
10007
10013
9988
9982
10018
10009
9980
9984
9996
9979
9986
10000
10008
9986
9988
10008
10002
10015
10021
10000
10012
9988
9993
9984
9979
10021
10007
9992
9996
10022
9993
10011
9983
9979
10007
10006
9999
10019
9996
9986
10017
9985
10017
9991
10013
9986
9983
10011
10015
9992
10000
9992
10017
10014
9991
9988
10005
10010
10016
10003
9996
10022
10008
9982
9983
9995
