6500
150
3600
6507
6498
6514
6486
6516
6501
6517
6515
6516
6504
6517
6507
6501
6494
6514
6505
6484
6501
6496
6490
6513
6515
6483
6512
6517
6484
6486
6499
6517
6492
6487
6493
6484
6495
6495
6508
6490
6497
6491
6505
6495
6496
6505
6506
6504
6485
6504
6494
6506
6512
6504
6492
6512
6499
6488
6495
6497
6495
6501
6485
6484
6516
6487
6493
6492
6492
6488
6515
6492
6511
6503
6498
6511
6486
6509
6508
6509
6508
6505
6489
6513
6517
6504
6491
6485
6484
6491
6498
6494
6506
6517
6493
6486
6493
6495
6500
6488
6517
6501
6512
6512
6486
6483
6493
6498
6484
6506
6487
6499
6496
6506
6494
6499
6511
6488
6513
6504
6501
6511
6513
6487
6495
6516
6490
6487
6498
6506
6497
6516
6510
6488
6515
6491
6502
6485
6502
6487
6517
6517
6498
6505
6492
6509
6484
6508
6498
6506
6495
6509
6504
