12500
250
4500
12505
12522
12514
12489
12482
12492
12491
12482
12509
12500
12496
12511
12491
12475
12524
12496
12475
12521
12510
12526
12488
12508
12496
12510
12499
12501
12510
12480
12480
12492
12490
12480
12510
12510
12524
12526
12504
12526
12513
12514
12502
12484
12523
12519
12505
12483
12491
12510
12508
12487
12484
12524
12499
12508
12511
12526
12509
12519
12490
12475
12474
12474
12485
12486
12496
12488
12510
12501
12493
12475
12516
12483
12518
12525
12474
12510
12519
12515
12522
12478
12524
12476
12525
12504
12478
12508
12525
12517
12525
12475
12486
12501
12498
12519
12489
12482
12478
12511
12489
12492
12481
12525
12523
12500
12478
12485
12479
12487
12525
12515
12483
12481
12513
12521
12514
12501
12517
12476
12503
12486
12516
12526
12474
12498
12492
12509
12477
12525
12476
12474
12475
12509
12477
12509
12521
12481
12510
12517
12478
12474
12491
12477
12526
12476
12510
12491
12519
12494
12490
12479
12524
12523
12495
12476
12475
12497
12494
12486
12479
12481
12512
12475
12522
12478
12524
12506
12525
12495
12517
12491
12514
12489
12510
12488
12520
12494
12484
12474
12480
12476
12526
12507
12514
12477
12520
12497
12475
12480
12483
12518
12480
12514
12504
12525
12515
12485
12505
12500
12516
12522
12517
12505
12519
12475
12510
12509
12489
12515
12494
12479
12525
12499
12484
12508
12518
12493
12483
12524
12490
12492
12494
12481
12495
12500
12488
12493
12523
12513
12492
12496
12477
12526
12503
12517
12518
12478
12515
12526
12522
12516
12483
12523
12484
12504
12522
12516
12480
12489
12519
12475
