1200
280
4200
1199
1199
1202
1197
1195
1205
1195
1195
1203
1200
1200
1191
1196
1210
1203
1206
1195
1209
1206
1195
1203
1191
1201
1200
1203
1193
1209
1210
1192
1199
1206
1210
1204
1199
1191
1206
1192
1197
1199
1191
1205
1207
1205
1202
1208
1194
1202
1193
1200
1201
1200
1203
1200
1191
1201
1193
1202
1199
1191
1205
1206
1200
1201
1197
1194
1201
1196
1205
1200
1198
1200
1190
1196
1204
1195
1204
1202
1191
1207
1190
1208
1190
1204
1201
1206
1201
1210
1193
1207
1190
1190
1199
1199
1190
1191
1197
1200
1204
1204
1206
1203
1201
1201
1206
1202
1194
1210
1196
1196
1199
1207
1190
1201
1201
1200
1209
1210
1199
1201
1193
1198
1201
1201
1209
1209
1203
1191
1194
1193
1210
1191
1196
1210
1196
1205
1190
1203
1190
1210
1197
1192
1191
1195
1206
1196
1200
1192
1191
1209
1193
1206
1206
1204
1191
1193
1203
1202
1198
1206
1195
1209
1196
1208
1195
1210
1193
1191
1197
1207
1210
1191
1201
1197
1194
1201
1209
1210
1191
1199
1196
1209
1203
1195
1193
1200
1195
1191
1199
1204
1195
1206
1198
1196
1194
1197
1209
1198
1199
1201
1195
1198
1202
1197
1207
1210
1195
1207
1210
1193
1190
1204
1201
1210
1191
1198
1210
1209
1195
1201
1192
1193
1210
1207
1202
1191
1201
1204
1190
1204
1204
1190
1207
1197
1196
1206
1194
1201
1205
1205
1195
1209
1198
1201
1209
1206
1195
1207
1193
1197
1208
1200
1203
1204
1199
1204
1193
1205
1195
1197
1199
1200
1204
1198
1196
1206
1193
1192
1194
1198
1207
1210
1201
1203
1210
1194
1194
1205
1210
1209
1199
