8000
200
4000
7996
8014
8016
8013
7983
7985
8009
8001
8025
7983
8009
8025
7983
8017
7991
8001
7975
7995
7986
7988
8018
8003
8006
8020
8013
8009
8008
8006
8025
8011
8024
8025
7988
7996
8016
7989
7980
7987
8024
8010
8015
7975
7992
8017
8025
8025
8017
8006
8015
7985
8003
7997
8018
8025
7984
7985
7985
8021
7975
8005
7980
8022
7988
7997
8014
7999
8000
8000
8020
8018
7995
7974
7996
8025
8021
8008
8005
8021
8024
7987
7979
8004
8006
7980
7981
8024
8019
8023
7992
8000
8018
7991
7989
8011
7976
7986
7992
7981
8000
8001
7981
8005
8008
7989
8006
8005
7986
8002
7981
8002
7983
7984
8013
7983
8024
7988
8020
7994
8002
8000
7988
8019
7974
8001
7998
8025
7974
8009
8018
7994
8017
7986
8020
7977
7974
7999
8007
8018
8000
7976
8013
7976
8001
8006
7996
7992
8020
7977
7999
7996
8019
8025
7987
8007
7995
7982
7986
7993
7977
7992
8023
7998
8000
7989
7986
8011
8007
7974
8000
8011
7993
7980
8015
8016
7973
7982
8020
7999
7991
7982
7992
7979
7979
7999
8016
7984
8019
8009
7979
7974
8004
7982
7995
8013
8008
7980
7995
7981
8006
8017
