11000
300
3000
10973
10974
11014
10992
10992
10969
10977
11003
11028
11005
10967
11011
10976
10998
10969
10992
10973
10992
11000
11012
10973
11026
10993
10987
10996
11024
10966
11025
11000
10975
10971
11028
10991
11030
10970
10992
10972
11033
11023
10966
11009
10976
11022
10980
10995
10976
11025
10988
10993
11010
10966
10998
11020
10991
10977
11022
11002
10989
11024
10976
10968
11022
10967
11023
10988
11015
11018
11028
10989
11015
11035
10984
11009
11035
11033
10989
10984
10967
11034
11027
11024
11015
10984
10972
10974
10989
11019
10998
11034
10972
10992
10966
10971
11034
10975
10986
11023
11014
11008
10969
10991
10988
11021
10984
11030
10966
11032
11024
10988
11004
11024
11015
10981
10992
10975
11021
11027
11017
10976
11007
11010
11026
10966
10986
11014
11035
11028
10989
10966
11032
11029
10969
10993
10997
10996
11024
11006
11008
11006
11035
10969
10991
10993
11023
10970
10987
11035
10980
11006
10993
11009
10970
10975
11024
11014
10998
10974
11002
11035
10987
11031
10972
10987
10997
10993
11018
11019
11033
10966
11021
10986
11027
10974
10994
10969
10977
11031
10980
10975
11008
10975
10998
11022
10986
10991
10995
10990
10999
11029
10990
10968
10980
10975
11011
10989
11034
10995
11012
11035
10980
11030
10966
10973
11004
10974
11035
11017
10979
11011
11022
10987
11024
11015
10988
11013
10985
11009
11013
10969
11027
11006
10979
10983
11017
11035
11009
11032
11005
10968
10969
11023
11025
11018
11006
10985
10995
10979
11017
11019
11033
10967
10977
11006
10976
11028
11026
10995
11016
11033
10979
10977
10966
11030
11033
10988
11009
11011
10982
11003
11018
11019
11015
10972
10977
11013
11014
11034
10975
10980
10989
11003
11007
10990
11023
11023
11004
10973
10973
11032
10989
10987
10983
10972
11025
11015
11017
11016
11010
11032
10980
11007
11011
11031
10976
10971
10965
11027
11026
11028
10981
