5500
100
2000
5515
5496
5489
5496
5495
5502
5485
5512
5489
5502
5508
5515
5484
5500
5486
5486
5488
5505
5485
5497
5488
5509
5498
5496
5489
5511
5499
5490
5486
5486
5513
5509
5503
5508
5515
5509
5515
5495
5511
5506
5515
5495
5485
5513
5492
5489
5514
5503
5504
5489
5489
5511
5513
5510
5511
5515
5504
5488
5513
5498
5506
5489
5509
5497
5493
5515
5488
5511
5494
5491
5485
5508
5505
5493
5491
5492
5505
5488
5501
5486
5508
5485
5514
5514
5510
5491
5487
5514
5502
5511
5490
5485
5506
5508
5491
5485
5494
5514
5515
5507
