2539
5472
1513
8109
7777
9418
2630
5819
7333
4720
7182
9800
72
1613
4560
7039
1301
736
2477
7446
3552
7395
3366
9246
8201
6382
2675
7360
6342
9396
7491
7810
6121
6077
1902
7650
8857
7447
7207
2009
7653
9823
9057
1759
8447
1537
7508
4496
6603
7959
3926
8301
5575
8268
3408
5135
1847
7389
3584
306
2511
1039
4112
8462
1708
1236
3103
4408
2809
3244
663
818
5459
3620
8879
6387
5365
130
1349
6557
7704
7529
1696
8237
6430
5463
2247
5046
8338
1412
8574
7569
6144
9390
4413
7449
2361
7646
9452
4580
2837
2289
2978
7474
5171
5825
7160
7396
325
5608
3118
2077
8066
4056
6419
6421
7287
2285
8672
3174
8451
574
5276
8693
5956
1581
9883
9416
4706
7769
2029
7786
1439
3650
1435
8503
2882
8051
9393
4506
6675
5320
8419
7767
9913
3926
7894
9473
1042
2913
3030
1729
7257
8802
9655
1454
1927
365
3805
1642
306
8324
2934
1257
5678
6988
6197
8372
3410
1510
2470
4097
6886
4395
1588
7426
7995
2139
9767
6743
7433
3318
3740
5915
277
2588
3260
2207
1810
8108
8918
9147
2428
54
7322
4904
522
7289
4995
7741
8939
7673
2649
6792
5084
3884
6039
6915
5901
1320
1159
2019
6028
3239
8936
4924
6566
3690
7270
1842
243
9568
8220
6438
1990
6844
1647
8035
6429
3321
6406
5276
5419
1545
3704
9524
8360
2487
2259
8715
7172
1766
7229
1969
2623
6369
4678
7067
5729
8319
3474
7991
9081
1448
4889
8523
7977
9650
1797
7058
4135
3814
9294
2744
6957
4082
6894
4414
4463
3086
8416
2259
2909
4245
4973
8666
9483
3444
660
1871
5659
7804
5981
9031
3750
4715
4581
4988
1425
3739
5481
4226
2668
388
5895
2527
5561
3946
2899
8223
4007
4126
8846
500
1696
9142
1831
7962
6156
1655
7588
6123
2823
8331
2486
6455
7958
7324
6598
3536
527
2719
6955
7619
4187
8369
8247
1245
8989
1695
2954
214
647
161
5320
2675
5214
1634
5973
1906
4744
6834
2688
2495
368
6280
1059
7681
6540
727
5451
2234
3566
5686
2711
6258
8974
7800
6860
7090
7764
5116
2814
9228
6562
5431
6775
9307
8945
7487
8353
8393
5748
7394
6270
9648
6646
8123
8503
2463
4775
8655
9899
8365
9432
3809
5845
8797
5644
9261
2639
1875
1088
59
2210
3197
6387
3175
6103
343
7498
4604
5733
5866
2343
4557
5006
2622
816
6220
213
2036
4759
745
6286
2591
5432
6270
9416
2925
1072
7503
1561
9619
4443
824
5785
1837
263
9193
8121
7185
4990
4758
5063
5455
9413
9753
487
1515
9412
7994
9709
1173
8731
2664
3970
5777
981
7296
8476
1099
3795
2627
9568
4773
9899
8448
3951
1798
2570
1037
4119
9075
8543
3364
6562
9416
1248
7914
3778
4983
9268
8764
6090
1851
4808
7929
8663
6292
8542
7380
1248
6261
8709
8579
494
6519
6377
7473
5757
5960
7746
1375
6373
3818
8876
8791
2782
3020
7942
3086
5704
436
7986
1717
4125
3911
6099
6464
3749
2639
272
5263
7938
8869
9887
4740
6062
3128
2452
6982
9243
9015
3955
5918
7821
7235
7094
4828
5934
9087
2386
9029
3051
1405
310
935
7285
3293
8300
335
9364
9908
8252
7938
3261
7289
1785
121
2121
9907
2836
1931
6112
5579
7377
6410
2856
7248
3059
5595
4191
1958
4066
2799
4807
1881
4970
7849
6942
1625
8789
1957
9240
4957
3923
9056
9614
9219
5046
2365
5636
872
1673
6458
9680
5424
6818
2860
1371
9778
7618
3305
1862
3130
4386
6894
9920
3313
5366
9654
2639
8078
8959
5958
211
8830
9607
9049
689
170
1908
8295
5393
4431
9041
629
1226
7976
6798
2046
1803
2320
4968
3989
5932
2551
9770
2511
3217
8366
9333
3247
6939
3389
1557
9018
1002
3109
2015
5483
9154
3152
2283
4334
7140
4905
7551
6898
1372
4624
1953
3525
2849
5442
7972
6882
9214
2191
1330
9701
5752
9199
2179
2484
1530
838
9429
8063
8577
2135
7386
4279
5687
437
3949
4948
4229
4461
9087
8097
2550
849
651
8961
3624
8204
6016
3236
643
628
4530
3097
2381
2155
1451
2827
7025
3259
4130
6860
6504
6635
4748
8711
9791
5967
1121
3156
2821
2611
836
2139
2333
9666
458
3964
9347
430
597
8771
6709
226
8198
390
2469
8367
7934
3423
2868
7349
1809
7191
5945
3037
9029
7377
3849
3577
388
2994
9739
2061
2780
2688
4073
862
3540
4064
8405
2641
7895
1465
8476
3319
5126
8737
8105
2483
2083
1539
3353
3788
8109
9574
2816
5785
8371
7419
5955
118
5356
4753
4999
6425
7340
5982
8535
9173
6160
337
52
8507
6246
9867
4731
7965
5393
3665
8280
8714
7217
9885
2760
8765
8910
5855
9377
8316
3692
1783
3649
9406
6843
734
1026
5211
6612
4750
7706
3003
8004
727
6282
9969
5592
8120
7759
2925
4977
4491
8599
2318
375
4256
6632
8886
2812
8828
9375
9025
2442
1606
5805
8371
9549
5732
2023
5339
9147
1685
307
4040
6406
158
4218
9242
5518
657
4981
4014
1356
5440
569
6264
5182
5255
1232
3484
1152
9408
2240
9361
7836
2033
7000
5089
1227
6901
3489
7144
7129
5226
7445
8531
4826
7265
9969
739
3419
9964
9173
2570
5654
1756
623
5344
9957
8061
4981
6321
9673
9851
817
6877
3219
7281
9147
5258
9584
9969
8260
3127
1755
4971
1697
5424
8536
9968
5971
6686
7026
4585
6958
1876
574
4842
8329
4693
3927
86
8679
4609
7131
479
4078
3165
5046
5975
3693
1473
5036
9734
4220
7285
1294
2923
9604
3607
2704
9613
4093
7265
1783
7005
168
861
3342
1383
8437
8266
5218
8699
6240
7923
1517
715
1390
3250
4438
3393
79
296
6925
442
9358
1963
3898
3308
1560
1242
6524
3821
3492
8232
2088
3726
7531
8935
2908
3920
2037
7540
1706
4593
6120
1602
290
6235
5429
6012
9965
9510
8197
3866
5619
4845
2262
9338
6835
2956
6560
6821
2922
8972
4996
3438
5107
7451
92
3183
2060
2790
445
6543
5730
9866
6208
6213
7891
2134
8472
6224
8284
8727
499
1643
1175
1579
9012
3696
5229
3755
6529
7887
5010
2744
9523
2723
3867
7436
6598
4142
3050
5624
1769
9617
1078
313
9259
6780
6064
6561
3425
2956
8902
9630
9917
4743
8731
7479
9783
9576
9573
6310
4699
6729
4389
365
2296
2765
9590
4159
7834
9743
8002
5994
424
3521
6272
1296
1746
3606
1012
8963
609
118
2004
5124
7677
5940
8911
5781
3981
8496
1458
4557
7583
3060
7852
8775
4924
6664
7934
4449
8594
751
8540
8571
127
1657
8406
2173
3576
2163
5451
1136
7778
7987
2807
8638
346
1280
3039
4711
6045
4198
7518
4255
4231
3484
4556
5153
2090
3024
4183
3817
9529
485
8830
2422
9451
9439
8279
8918
9556
2775
1498
6724
2294
5106
4222
9430
6789
4216
9113
2170
845
7545
1225
3349
4351
5202
4683
9003
1498
7314
3655
8546
1014
9793
1643
8769
618
3316
4449
4914
6265
4800
9686
6123
9588
7607
7595
2686
4306
9222
7641
6861
2091
9776
4225
3941
9266
203
3126
6365
8104
7441
6604
1319
7377
5107
9977
6106
4044
3593
4812
8703
8582
8328
348
6619
8357
8152
1163
5402
7244
6137
3175
2746
5370
8651
7399
5666
7251
1586
8111
4337
8982
91
4124
2148
6790
5814
199
5983
4510
2832
768
597
2872
3351
2549
8156
8118
6547
5892
963
4741
1263
69
9214
9220
5452
6820
7307
8303
772
1346
3198
3671
5841
135
2552
8198
9373
123
7595
6684
5789
2016
6418
6859
4194
7580
5582
4843
3905
2372
817
3037
5328
1994
9006
9916
9499
5830
3706
4612
5577
9269
305
1859
8803
1236
1607
4495
9947
7012
605
5109
1971
9377
363
162
2479
8764
8180
5193
3310
3008
5329
1666
5873
1473
914
6856
6435
5813
6183
2222
6672
7558
6967
8160
9488
2136
7754
1398
7445
2353
3514
7863
4785
2358
6552
1567
7511
2167
4756
6924
5794
8419
7055
2686
130
4006
6231
5040
1668
1843
2427
6297
7018
8594
9248
4190
5426
6306
1027
5650
772
5837
3822
3657
3528
944
5558
8239
5395
5480
1656
2638
5890
9989
9792
9430
9482
8188
3305
5028
1446
8955
2473
2158
2647
2765
7647
7256
6521
7823
2044
4229
4815
3520
9465
9034
538
9366
7358
943
8200
3523
1125
2574
218
4290
5798
8840
8968
8688
9970
5922
9250
4617
7196
4997
5170
5972
8067
8707
8936
703
8190
2102
9617
6468
7126
2675
4436
1684
4806
7218
8727
3543
8206
1933
7490
5318
8377
6111
2834
8929
1555
2688
1253
9145
6541
8141
7599
3912
7394
260
5076
1657
3641
4436
1176
4632
5126
6150
8705
5268
2572
4445
7204
4233
6600
1178
4836
6976
6828
6346
4782
6003
7045
5912
5511
4462
3465
8137
4350
8211
4202
8876
3359
8021
2339
4281
7287
1599
4281
6134
5364
580
7834
269
2157
9910
1220
5956
2760
5230
9881
7026
8369
5043
9739
7007
1928
2203
1143
4064
3210
5751
855
1118
3647
6338
3394
7954
3316
3729
9993
51
6070
583
7119
7435
8943
7383
7044
9341
2400
7539
6506
341
7965
3126
7164
5326
2301
2316
4626
1372
5736
5092
5889
2173
3332
4111
278
8210
273
7674
283
2002
1509
9534
4025
9826
9946
2998
9438
4655
7097
7788
8340
2014
6721
1317
6526
5413
2437
4427
134
537
7670
9882
7536
1557
6346
9045
8136
297
1776
1619
6595
8237
5801
2596
1925
5150
6807
2665
567
8815
3072
260
6882
8419
8026
3659
970
2572
9824
1599
8121
6024
6348
686
259
8366
4671
2335
9823
2798
4873
1324
445
1387
8687
1583
5358
6706
1356
6271
3814
8990
755
1132
3089
3024
2789
960
2439
1967
5348
8995
9028
8845
6394
9795
5016
3498
5410
9197
906
1329
1442
7518
9086
726
9538
1794
2226
8643
7768
2268
7445
3751
3964
5768
4155
2890
4765
81
2712
2996
8148
7931
7754
5583
8047
451
3156
3695
3351
6470
1897
6687
7963
6676
8813
6618
8452
4597
3530
2830
2753
8894
4064
2921
5473
619
1466
820
9018
3316
8664
657
3817
6995
3682
8370
4522
7104
255
5311
3667
6107
6713
6949
386
5065
1865
6201
6905
4668
2140
3857
6324
5328
6722
4236
6125
4690
2376
8298
6374
849
3978
5502
3629
4827
8559
1780
7823
849
6806
8827
1649
747
6665
9637
4445
6801
185
583
9233
8196
3005
8385
8842
3456
8216
3053
6192
3625
2540
4468
4392
8823
3688
2740
4005
955
5629
5096
7728
1022
9069
9455
5607
8009
797
7439
9471
6871
4226
9390
584
561
4405
8772
7238
1620
3245
489
3680
6161
6578
6931
5581
6299
9340
263
6968
802
2889
1443
5646
2047
8465
1570
480
312
1594
208
7402
6244
754
2775
4039
5372
9601
9239
6784
6638
159
7187
1604
6620
6385
8815
9321
7553
4801
2960
2018
9402
6563
553
723
3516
7122
4806
7893
741
4592
3180
6597
2929
3940
1436
2366
7253
1758
7885
1104
8489
8300
2602
4171
4273
6669
5501
6133
5776
6110
8177
311
2271
1050
8903
1021
9593
9845
4443
2304
6311
4872
6749
3878
7107
8774
667
940
1460
899
7391
1014
1053
1879
2198
4135
680
4105
5564
3919
6791
7163
9860
8259
126
4641
7116
752
3007
5919
7234
8482
8241
7152
5687
1130
117
85
2705
3749
712
4821
5747
7807
4964
9503
4194
8680
3372
1826
4932
9387
2646
6612
6559
9426
9835
6459
9020
9474
3901
4727
8658
5197
1624
5086
5522
7049
2393
4594
7533
6588
3771
4163
7437
1825
8061
5587
5367
1604
4047
3543
8364
6355
3697
4755
907
8096
9267
2542
8171
6875
5958
9088
8499
6302
54
1020
6757
8528
7709
2117
7470
3944
6260
4816
6651
4252
6215
4378
2415
3774
2902
8581
1514
8704
9926
1375
2144
6299
442
2690
4995
9645
7079
3366
1035
7618
649
2643
2914
3422
1954
2758
1633
3469
7963
9241
3390
5434
7822
2371
5874
316
7693
8444
7206
2547
4864
6323
7050
903
296
9853
8894
4735
8837
7614
7738
9405
9970
4012
7040
9873
2214
1490
3737
6891
5232
9490
6849
2023
9610
8631
9614
3780
7204
4513
9500
1669
9448
2982
302
714
106
9508
5865
5951
7854
3169
1668
9145
5902
9986
4010
1297
1981
3828
2133
6409
6936
9760
6566
5420
9486
8922
9058
3200
6515
2472
8759
6932
7989
8614
2613
4390
9874
5523
4671
261
1432
2730
5058
8987
3647
3494
9277
2331
9155
5162
7896
205
9643
8579
1740
1724
3588
3008
607
987
3930
6923
6166
2983
1633
7705
7727
8554
1766
9490
4243
3211
6657
5572
5144
7622
3905
3417
6346
7245
2387
6266
2229
3986
4991
7290
5132
416
9670
2262
6279
4627
1376
3352
9239
9243
2786
3772
578
2040
2621
3591
6455
5646
8157
9655
1338
2470
9071
7786
6444
220
4104
6759
1769
5754
3521
6410
4890
9050
4955
4958
6555
9915
7616
1193
3994
9528
5908
3868
8145
2746
7600
2820
3555
8950
4378
5559
8757
9340
1244
5736
6018
7067
6094
7762
8370
5791
6377
1308
8296
4082
3080
3010
4679
7631
1329
6118
1509
3049
5303
6581
729
5156
5031
3660
3433
3452
9948
3346
3431
816
2071
8462
4686
3378
1946
387
6838
8630
9016
7888
8644
2739
3116
2388
7361
1198
7444
8004
2262
9208
3630
9988
9948
3837
4683
496
6983
5453
2409
8267
9426
8461
4513
1180
3800
80
9257
4505
3176
8366
2471
7398
2003
9246
3948
6625
3588
1380
7386
3349
241
774
8474
7272
630
6414
2126
2801
686
5091
8113
5160
172
788
3755
7019
9942
9408
1851
8357
5489
4652
6463
8664
3971
422
9315
3170
7239
1518
8167
823
2789
2735
8019
7841
4982
857
4845
1111
6963
6631
1178
5873
4261
2851
9239
1261
4952
7290
4953
8215
5566
1495
9611
8999
9995
443
572
4217
5530
780
162
7073
9162
9308
1502
4800
8268
7963
9248
2582
6581
6179
120
434
7399
7100
3749
1828
1718
6562
1244
1128
4148
4969
2061
9630
9694
9857
3554
1398
6048
4787
7687
8739
8207
7286
5443
1495
7352
4000
1817
6495
5504
7009
7046
5574
4673
3783
6734
7041
1066
1027
6968
1677
7301
9457
3949
4863
2179
2218
4590
542
134
6057
9679
3374
2788
2461
5489
6070
2537
5941
9896
6560
4963
8340
8125
5192
4735
4703
3198
349
5358
9582
3231
8643
2575
6453
541
5184
475
5234
6143
9923
3070
9226
6080
253
9429
1919
6042
6402
7763
6630
9707
5918
8892
480
7475
6193
8365
4925
3736
5383
3066
9509
78
4819
7716
8457
4097
4120
8096
2828
6261
7046
8466
2117
7621
6316
6615
1269
9225
2754
463
4847
5432
2824
3877
9949
4356
8746
2702
5500
760
8895
3818
8654
5375
7486
5672
8124
8830
929
9053
2985
4536
1873
9112
2895
8555
6741
3103
8675
1385
3945
716
3987
7155
685
1874
3636
8402
8487
5757
8616
7452
2094
5449
3275
3927
7369
5658
1062
7137
9296
3640
6014
842
6146
7371
6573
4568
5532
1670
8980
7260
6020
4804
4449
2118
767
1437
9912
7422
294
1648
7945
5413
492
9472
4857
8275
783
6147
3741
6746
1361
5316
4184
9054
8255
9418
3104
8724
2203
7783
4602
1897
8161
8797
2504
6851
6203
1617
1658
9910
781
6740
136
9618
7164
2127
6674
8887
1204
7901
226
6632
7705
3317
2067
1668
5716
660
5280
6110
8836
6314
8864
485
7952
7410
6581
4101
8991
6296
7854
1714
897
7809
4429
7069
5105
6960
7094
4681
5081
7500
9162
8101
8240
5001
6713
5417
6258
2108
5499
2503
6404
4996
1621
997
4460
235
9936
2176
7221
8497
8260
225
9604
4762
7213
378
1925
3276
3308
6161
5440
3502
6480
1957
4249
9191
8728
9398
8497
6543
557
9055
1732
1236
6641
9047
4720
8168
8784
4165
2333
500
9854
1967
6934
939
740
7421
7840
7362
1859
4452
255
7570
5920
2169
4757
7007
8727
626
2026
9625
3925
7708
9867
1162
1759
6227
6477
2361
1924
4514
3592
6953
7096
3022
9771
7966
6251
3235
3442
866
4802
9667
4288
3519
5672
8144
3750
1463
3502
2126
8404
9977
1042
2758
1978
4055
4714
3576
9203
4670
4826
2948
7874
7602
9689
4815
2354
3205
193
4822
2943
7220
223
7599
5515
9563
5562
2757
5233
9025
5442
7018
8772
6015
327
3778
8965
7800
8502
3891
2846
9138
6163
8800
7760
402
9248
5546
6693
1952
3315
5410
9867
5338
7983
4418
9784
5465
2063
3882
8439
2010
1534
9758
2776
6552
4041
3402
9441
9857
8729
5169
2353
7296
3592
9366
1907
6402
2831
5113
7363
735
621
9457
8588
1150
2084
8374
6018
7476
9091
4741
6276
6043
9893
1413
5506
65
1244
8464
1115
2198
5480
9694
7408
631
3175
2486
5213
8569
1661
8884
9159
7436
5179
584
6143
6248
7921
2227
2444
5549
4958
4960
4762
7135
2941
6603
5172
4661
278
8741
3117
6564
1332
2626
3617
743
8196
7191
3562
8439
4683
6273
4480
3836
3853
9733
6624
2985
422
352
7664
5582
8748
2430
3437
7109
6581
2425
5369
9969
5925
164
7121
1968
3120
2412
2044
6764
1824
5932
6331
6529
6964
8507
1407
9184
2571
4811
6907
2321
5998
6710
9017
100
4940
3510
4187
447
8043
1632
5136
8219
6831
6554
3493
699
545
3587
5811
3722
8436
4590
5761
3837
9487
8369
548
6059
3442
5430
9643
3307
5864
1122
2879
6368
3723
9437
6537
519
7529
3261
699
8460
5850
3783
1716
7191
6964
1155
9234
5804
3200
1994
4379
4279
3683
7111
5088
2704
2343
2802
646
2731
9482
3498
7335
2941
3141
3849
9290
2757
534
9211
199
1165
4130
8161
5744
469
5657
4065
1910
6613
9124
8548
9523
4509
4036
3508
1153
357
3001
8768
2278
8397
7467
3814
9774
7001
2833
480
5608
6037
8447
9929
339
9428
2005
3323
6355
8358
8882
3037
3004
3261
6466
1605
3393
8861
7066
2939
190
1362
7934
2452
5163
8880
2346
9450
6433
9146
6457
2574
277
2855
7135
9679
8742
7188
4691
2387
3983
3037
9328
5424
1072
548
6226
8331
9403
8559
3207
2824
6746
9922
4615
6728
5744
4059
2073
454
5013
5432
3590
6845
7796
9494
2255
9483
2024
5987
3479
4338
2169
9217
7775
9943
5583
9798
4069
1378
7741
2707
8438
1633
8995
948
6133
8263
6066
1017
8094
6159
5069
5505
4949
3734
6436
5813
6257
5685
1235
2086
6297
7713
6376
4856
4157
3855
676
6774
8541
7187
301
431
9493
8921
2720
9501
6930
4048
6483
719
2404
6865
4665
7260
4792
8561
6106
769
2296
3377
5103
2332
3393
8408
1540
6583
7659
3383
460
8513
3550
9799
7793
1430
6032
6233
9725
4816
4898
837
2703
7809
9869
8140
3664
4985
2343
3364
5329
198
955
3987
8297
8427
2389
6267
8514
1296
9269
2839
8535
5717
6126
9209
660
694
828
1614
7208
8849
6031
2188
9542
7562
7305
1363
2313
8056
5935
3411
6637
6665
5007
7430
3911
3724
1815
6066
507
3172
1421
1265
4600
288
180
1706
1179
7867
3983
7633
9082
5419
9538
7361
9328
446
2485
3200
477
9766
4657
7238
3598
3243
1809
9777
960
5587
1602
5869
2180
7148
2385
922
7705
4687
5536
4643
267
8081
7154
9886
3703
6307
3302
8690
9450
7085
6683
3426
8362
488
3459
4849
8313
2178
874
3881
3129
466
2905
6201
9232
7742
4475
3594
168
1286
6958
1210
3235
2813
5601
455
2390
5014
1432
5561
5182
7924
1426
4221
2211
6084
8430
4286
9108
9215
9256
9678
6305
4973
4908
7270
764
4715
4030
4758
6367
6003
3100
1615
2632
564
6868
2484
5930
6176
9519
4834
5015
8631
7087
3326
3471
1197
1842
1078
8957
2271
5120
5950
8682
5209
2850
8574
5534
7902
1665
6430
4824
4527
1975
3091
1634
6152
7988
5059
3740
2391
8235
1555
6132
1649
4165
1001
1766
4661
5723
9798
4513
448
4433
2413
437
5786
8602
1613
173
7510
4230
6763
4917
2792
3409
6467
2414
6221
7719
1829
9103
2801
9762
2480
8883
4313
9998
3937
954
5655
5743
2090
5078
4299
2903
4666
8286
4348
3673
9533
5431
8537
8108
4860
805
3871
6305
9167
5397
4399
7685
3969
8603
5650
6092
105
2924
7348
1005
3072
2900
1878
6241
1830
1143
9475
74
6255
7189
5902
4297
3656
6094
107
7751
300
784
9672
2159
3950
8594
8094
8823
1953
8585
385
9041
2907
8039
3448
4745
6205
7807
9561
4752
7732
6551
5806
1468
6982
5038
5913
7666
2955
9101
5003
1683
7985
6316
296
1602
1990
8646
9182
3618
8724
470
7254
3757
495
2507
4692
867
1919
9432
826
8377
692
9698
9694
4232
5654
2605
8098
6405
5518
9115
4302
3222
594
7411
797
7992
8873
8877
1010
931
9568
6107
4693
4555
1137
9153
6212
4452
9105
5813
9690
5348
5580
7485
834
6961
4427
1931
225
5818
1475
8394
4579
3724
7541
2048
9758
6989
7180
6848
277
5798
5470
1817
5739
7585
711
1109
1390
3687
4730
3889
5733
2770
2166
3547
4575
3299
787
6641
3358
4652
2692
3831
8759
9777
9891
8588
6618
7042
9862
7704
2371
7169
3072
1574
3196
5088
991
3731
932
8076
922
5678
4780
1181
7399
1540
9621
8283
7161
1638
1440
2446
6558
937
6991
5513
7573
6161
8517
7016
6678
544
2067
6232
9598
2791
7760
8477
9675
3821
3445
869
4978
8874
5104
5518
7338
3250
9561
7824
7871
8716
9624
8148
2317
255
1823
881
8851
8879
2252
8904
575
5734
5657
2431
5153
8429
4486
7034
826
7377
9569
6814
5793
8436
3451
2260
4128
8837
3695
9544
2064
7596
5420
5755
4433
5634
9041
4419
9600
1769
8013
1562
9087
1744
6294
5651
9101
5109
7103
9648
2115
6482
6069
5265
4632
8562
4415
9557
5537
344
6191
3209
9537
239
4199
8381
3902
9368
2566
2066
6986
4010
2053
9889
7750
6682
7775
6173
6401
9538
3997
484
2891
1452
9490
4305
7893
6157
8529
5165
5715
5330
5362
2443
3418
9140
6852
1215
4706
5391
8940
4951
9277
2606
9164
9546
9748
785
1436
8403
6137
1437
3716
9553
547
3707
1302
2377
2887
3584
1367
1803
2111
184
6831
8359
6607
6053
1649
3790
7231
2624
1517
5649
1780
5005
380
7921
3710
7282
1677
2949
7848
9916
2042
3107
7331
2824
7536
2994
5773
468
2805
4934
6324
4816
5580
2330
1799
4693
1671
2763
9042
709
3501
5975
1570
2509
2516
5002
5552
4642
5513
8564
667
2106
8990
3421
4948
2415
8942
3725
1029
354
4621
950
7815
3097
6833
7331
4520
3420
1274
1230
464
1037
2526
6712
4918
8239
5187
5375
3652
2334
369
3418
3953
1323
1312
7359
2186
1759
3474
8178
4961
8364
8501
6093
4492
7776
222
5681
5004
7067
1310
1069
2740
3955
5711
3778
4119
9930
2332
1221
3671
6366
1898
260
4444
7898
6984
7475
5563
2298
6971
327
207
9340
4392
1362
261
3559
6227
8426
5350
7862
2980
2820
3368
3201
8128
2443
4337
1505
3204
9147
9944
1997
8128
7866
7777
5793
9388
1124
7905
5077
3870
7125
2450
6749
9649
7428
2343
8799
4341
3981
7714
8591
564
1825
8201
6188
440
7076
708
9205
6169
1752
3484
3026
8077
1977
492
5280
4778
4224
9639
54
3623
8757
2287
6820
3039
7150
5640
8390
6886
2752
7843
3430
7471
6786
1294
1990
2034
1544
4059
7162
4151
8410
6414
5045
9347
6193
4125
8780
7695
7083
2975
6892
5449
2901
9919
566
7573
3404
3102
1227
4773
3828
6037
4936
3243
936
2705
2633
8190
5618
7001
1076
2852
4756
7974
3276
8882
8178
9707
8935
3861
7102
4054
2886
9270
6815
3667
2593
3897
2775
511
1284
7062
4473
8011
5621
380
2740
3620
797
9837
6754
4249
6364
4070
2905
5214
5387
105
3104
5104
6125
5943
2997
6065
64
978
8054
9832
9144
9491
3888
6909
3890
5635
4683
265
1610
3354
1374
7727
6755
2657
6249
952
3146
3667
7856
5627
8143
2149
4520
9187
1558
7052
6277
5687
826
4022
1904
8351
3545
8361
3941
7027
9318
4141
4892
3323
9318
776
1527
5859
5771
5609
6680
9239
3166
2374
3991
4910
3255
7142
7929
9062
1041
9913
4995
9960
3726
5063
6920
5909
4463
3249
2250
4562
2983
8394
6834
2500
7793
3557
6865
4435
2644
9490
6350
2069
1768
191
3295
9362
2536
3587
1231
4406
3840
3297
4420
5420
9456
2407
4851
7657
4959
3919
8576
490
4377
637
7494
4889
4548
6348
6091
2922
5250
4956
5693
5777
4617
3009
3319
9496
9507
3231
6161
9117
3048
5756
4848
1179
817
705
6310
5965
4295
4260
7815
3174
2668
1723
5396
9518
2568
8094
5458
2728
7940
2360
8888
7372
6357
5726
4319
3242
2713
2338
5203
402
6826
3404
352
8619
9977
2111
8131
9610
2737
9698
4717
8646
3101
8708
8625
67
8479
7750
5707
5587
619
7052
9193
1872
4586
8265
1747
8248
8236
5070
4205
1262
4582
7759
3204
3979
3724
3811
9960
4488
5274
5756
5726
747
2793
4601
7600
8802
5145
5084
8863
2499
8285
7312
8982
2376
344
1933
7434
1599
9488
7223
1918
1561
7686
1127
3008
4815
3640
8090
6124
3022
9449
7597
5912
8969
3566
8892
1362
7119
2102
2956
6725
8578
9729
2972
6299
6467
8098
6588
4349
9603
4400
307
2940
4131
3029
9225
9433
7137
3536
9172
5893
8808
9605
1860
6949
2665
216
8414
177
984
5597
4859
9779
2982
5202
5070
6507
3747
4584
1749
3164
2106
4378
890
2574
4145
9540
6037
1315
7289
3284
5376
6150
9311
3948
1259
7440
7373
3429
7049
8656
3651
754
2364
967
2106
479
3929
210
9925
3756
6222
1377
7721
9312
8886
5337
5355
5649
1422
9021
2299
8366
7177
9712
3743
7849
2383
1481
7651
4200
2114
3824
5339
4240
7624
377
6303
9366
592
8045
4966
4115
1791
6821
7962
569
3705
9945
7582
8269
7859
1299
3309
5110
6574
6334
507
5385
5134
2402
5439
9292
2978
5643
3377
8820
3842
5069
5827
2567
4533
4213
7455
7937
7346
7306
1270
2508
4515
1165
8876
3039
9194
5469
9006
9023
9650
5249
6142
7719
7145
1305
1659
6123
7658
4964
9110
9023
9823
1115
3622
7650
822
3229
5292
6627
4910
8074
7269
5234
453
9340
770
4539
6390
8878
2121
8310
5304
6499
5917
4334
8712
9344
5145
6952
1727
6159
1161
9416
3812
8128
6111
1463
4110
8199
2669
4912
3557
9944
4985
6323
6003
1232
7690
2180
7173
3017
4198
4571
8961
8927
8533
7914
5239
7368
2711
1410
8515
6181
5108
1870
5333
8611
7850
7502
2039
6689
8527
1216
3723
7179
8740
7681
2759
3349
5459
5626
3505
3855
9480
88
8563
3367
1809
1037
6822
8582
834
3564
819
4306
6221
520
8371
7258
6603
4305
1062
5207
9453
2073
5684
6915
6157
1689
8348
5040
1452
7210
9267
3172
821
8253
2185
4692
299
2688
8471
1399
10000
5564
183
8878
8606
9896
1205
5619
1664
9124
9705
9132
2372
7378
4117
4584
8044
6838
3461
8726
3928
1452
4106
2210
7604
9323
6158
1521
4082
4063
1218
4590
8032
6711
2567
3722
3397
2372
7167
3398
903
4492
4877
2966
3997
1070
8022
496
1811
5593
1234
2858
9622
608
9708
3201
6778
7855
7226
5227
8840
1751
1112
7998
4219
9275
1096
5923
9611
9844
7458
5383
8715
4727
3348
1981
7708
3672
2400
4114
5683
8348
8611
6879
1010
5574
3447
734
623
5159
8171
5541
1476
8280
7919
9250
7177
1843
1496
9931
5356
8977
4855
6330
4508
5370
4782
6292
5070
5620
3188
1616
2644
9668
508
5069
458
8742
8058
3286
7310
5889
8309
9389
333
9479
7812
5107
9290
139
5611
9253
1006
2215
8664
1456
9682
319
8894
9828
1077
4010
9412
5506
7383
3965
5663
8479
8730
91
4964
2551
682
5958
6341
8878
9724
3110
3180
6852
3309
955
920
8029
8148
9922
8707
8790
929
7571
4090
5814
6141
5510
8373
8363
8055
9107
1891
9794
1472
9681
7461
5292
3772
2363
7413
7485
6093
3613
6081
7613
1608
7625
6691
3169
9311
1770
6964
282
5784
2802
1037
9744
5809
6550
567
8753
445
6178
8535
1184
5928
6623
9009
7551
2884
6016
544
3728
6268
8726
938
8213
7937
584
2422
4956
8869
5116
7015
6179
9098
2053
1243
7906
1412
9396
7596
4492
189
9125
1692
1655
679
4338
6854
2557
2405
6355
2168
6659
8234
5777
8619
9907
6366
4062
132
4967
7462
6221
1380
9373
1018
7775
244
8268
700
273
9604
7129
3633
6774
3783
4683
1211
4635
3303
1063
7411
4474
8560
264
2425
5863
6643
5424
4587
8622
2632
5804
5661
4687
5485
6907
3410
993
888
6371
2917
2422
9563
458
7354
4659
9755
906
3631
1081
3085
7617
1134
8344
8560
554
9240
9556
7826
9002
7447
2637
7578
719
8431
1763
9311
7008
9258
1915
9089
7416
3442
5496
503
3795
5172
3226
2379
6563
731
8506
9293
1460
6727
4096
8980
8798
9065
3452
6437
3418
3771
5553
7601
8446
4858
7405
5412
9948
6449
3386
3239
9332
5957
1914
747
6148
4566
5367
5863
8993
9205
9945
2214
6055
1256
9573
8548
120
5382
8878
6615
9494
3043
664
9799
3694
5556
6435
7417
2487
3441
3428
6813
959
578
3904
4822
1096
3857
5091
1403
4585
5358
1464
8147
5977
6193
8989
8921
136
6763
3071
4968
1592
3869
6918
5404
1499
4901
3501
4741
6790
6837
8760
6125
4003
8704
2928
2846
3711
8908
6508
590
3844
6506
1019
1481
4720
6153
7505
4258
6737
5211
6857
4052
6514
4077
5932
2197
351
6469
5487
4248
307
4368
882
6623
8770
9018
3306
234
951
7775
547
7174
5271
8182
4189
7964
3711
890
7643
3503
8408
424
9794
3966
1662
3991
7517
8491
4036
9491
1502
7970
5472
9488
9595
1242
4361
301
8719
3406
5079
8759
2944
4693
5572
7369
3747
2055
7121
3478
957
1560
7096
6978
3858
7388
8300
7095
2791
849
8311
3342
343
6014
3378
7617
7178
7082
3681
2887
9932
9687
2268
8245
3957
9557
8500
7311
2622
5790
5189
7248
5050
491
6143
6546
5227
7056
5298
1087
8063
8457
4780
8851
4748
8557
2737
7221
3897
4545
3839
6772
7351
924
7799
4224
3876
1371
4966
7802
998
4358
6673
4541
4319
7812
5008
2571
3833
921
6324
6214
2707
9733
2980
7114
5266
833
8289
5914
4384
5037
5866
9104
7656
6574
2690
4421
4671
7360
119
8967
2333
1599
8896
1522
8552
6968
1986
5952
9966
5542
336
3509
6996
5381
1218
1153
6473
852
2221
1774
2008
6479
8838
3126
1463
7280
9159
3402
3747
5568
4718
1404
9375
3771
9656
596
1383
2511
4760
3114
6434
195
974
286
4721
3731
8158
7056
7722
9480
6613
7348
180
1986
6431
1730
9981
4487
1646
8019
7872
5140
2961
7091
3946
1179
1726
6154
3389
5218
570
2236
8257
7724
5184
5440
9776
9676
3381
9442
6525
8661
9644
8968
5252
2773
3163
4476
7849
6466
2425
7918
283
6585
3553
6378
7743
9955
7556
8263
9684
7117
6983
5459
1859
7446
956
5871
3603
7362
6995
4772
3739
4870
1300
5053
7434
5048
5749
4565
5915
2951
9002
7196
6333
7422
5625
6363
5129
842
9452
586
7336
9839
2559
5043
7502
2958
7641
8198
9863
399
5890
2666
4844
1572
161
1615
1481
7256
7068
1012
3086
3560
3686
4793
5072
7649
3898
6811
7626
7209
1744
1144
4095
9636
8502
7117
5449
3288
7457
5715
376
9932
3336
2047
200
8327
7519
9548
6015
8095
8222
6544
2473
2706
9102
2905
6083
9487
4286
1497
4157
3832
8223
8905
4123
6935
6731
319
7013
851
8061
7546
1736
8500
168
2197
8815
1933
5589
7130
6821
6696
4623
1649
2779
1793
8709
6062
8257
9669
1985
8305
2521
2453
9046
5621
3986
5751
6580
5802
6201
8612
3043
3359
9797
9888
8185
4939
6586
6535
2832
8412
2747
5682
4057
5282
3509
9590
2021
9019
424
7502
4994
4544
9566
4989
1758
9086
9789
4074
5140
4052
6544
2302
5772
2152
365
1344
483
8341
8316
4601
858
6999
5925
1191
9745
3597
9651
2745
345
7062
2828
917
4674
400
9999
3125
5677
8427
7839
6221
9230
9253
1747
7099
444
3325
704
287
6046
1339
4363
713
4683
6250
7601
214
4872
9049
222
169
1851
3885
6129
6747
6504
7326
8714
3728
6669
7710
2970
2605
1073
1040
939
2569
9051
1850
348
9092
3968
989
7729
8663
5103
7408
3987
