1231
2570
7469
6167
2723
9425
6804
8064
2529
4950
9837
4864
7987
6339
6226
4701
3557
605
9901
8707
7973
5709
3643
6248
7260
6299
6339
8664
2625
6605
6919
5124
286
9441
9971
8771
8078
9702
5838
5087
7662
8112
9337
1998
5292
7721
7010
8887
4981
6228
2831
8456
5322
9291
198
7767
5463
9320
7023
3584
311
2180
6845
9992
2104
1451
1768
7324
7824
1159
4102
7295
4019
8044
1028
6092
9574
3773
9710
7306
6495
7652
2670
9470
450
9534
5451
8300
126
594
9715
3957
1211
6965
9685
8842
6710
3181
3013
9078
7069
1319
8530
8530
5907
6655
8644
4131
7705
1246
3890
1009
6299
6824
7191
3735
739
8213
1268
6999
841
3542
3519
738
6911
1695
4759
5465
5681
1457
2576
7107
7212
9628
2625
1465
704
3758
4548
983
4789
1822
7670
1721
8528
953
3232
6984
4541
1976
1232
5997
6524
8324
9421
6362
4108
5901
3131
942
7459
7271
8808
5319
5357
7634
6889
2186
4933
6943
7942
4177
2636
8946
3711
8304
9670
476
7502
6854
2183
9135
3331
9341
4341
459
3448
1060
8080
6468
4804
5196
6358
4926
1914
63
6825
243
8270
5272
3437
6087
7219
8378
5548
2164
230
3983
9698
9779
2061
1154
5009
1985
1403
4070
9397
5828
607
8979
8601
8821
6868
1295
7239
9994
7726
1196
7417
433
4573
7027
6095
9985
8019
3634
8569
6000
6734
3735
504
9310
6624
6100
4307
6578
2252
1418
6009
818
5670
3078
9029
9978
9419
9607
8526
2549
8075
671
6918
8658
3738
2921
1668
2062
87
9055
7799
4404
6402
6106
3751
73
5083
9544
7158
8097
4792
1871
6817
2498
4676
7467
4713
1256
4779
6496
8592
1488
2841
3824
1917
3707
5906
3870
1901
8052
7126
156
4922
8328
2550
5814
7105
3769
3599
5802
7153
6701
7238
7847
4964
1749
4781
2032
3547
7001
1250
4116
3155
794
4084
1674
2549
144
1953
1232
4089
9157
5362
2744
8372
6283
9094
4390
3379
2276
1932
5670
1611
8541
8391
5933
5433
1631
1036
4103
9431
3221
4093
1930
3340
3797
2156
4746
8749
3872
8168
8576
7569
2834
9164
6103
1201
6819
2251
4956
3686
9391
4813
353
5921
4589
7553
7515
5239
590
250
5467
1637
2812
1726
5444
3990
3914
8470
9597
8993
4051
514
1789
5812
7831
8680
9021
4578
1553
5553
906
8871
9678
2897
6981
7064
4571
4457
7770
3380
2187
9151
7913
9431
7051
1731
4585
7322
2005
9055
7529
9454
6963
7832
1215
5079
3223
3011
7092
2640
5394
103
6918
6713
9792
2727
349
1664
8817
8547
1854
9213
3096
8673
414
1120
4009
7171
2544
2975
7275
2617
6678
9824
8377
9387
5039
9142
8777
9529
6631
2562
4239
1236
4599
6495
1078
2875
7963
5532
780
4512
9526
269
5813
3412
3429
5023
4977
5812
9476
3538
5767
1764
6659
2003
6598
2401
2805
2463
5214
5236
6827
5328
571
4653
7938
2416
1223
5661
6708
1147
9151
3559
3884
1500
8325
3629
7785
5240
8074
9153
707
5024
9276
8670
7408
3545
9105
323
9869
5222
4799
5857
4144
4176
6668
3027
2260
8648
7568
4719
8853
8836
7355
2157
1533
367
8253
2345
7273
5572
4674
417
8387
9770
6561
1568
8096
4785
569
1528
3194
1698
7312
7352
3530
8153
2527
1459
9520
8818
9841
243
3056
7600
8115
9198
8410
1151
7305
5165
8962
1666
6074
4030
4574
2226
3108
429
4874
3678
5539
1810
5812
1136
1466
2819
2298
1747
1548
7134
8885
648
8844
2565
5133
1209
4463
7965
7167
3670
8931
7914
8491
2761
8108
5129
9448
7545
5193
8945
3746
8474
6062
6216
374
1604
3649
3998
4488
511
253
9514
4758
6318
8704
5112
5455
6260
8420
5120
560
1400
6832
3381
7385
6765
8583
9388
4696
92
7546
687
5282
8111
7971
6329
4122
1660
4708
3239
8827
1411
1907
5466
1775
2235
6331
3732
3661
8744
8911
8823
1649
8525
1670
2866
2160
9991
1925
4064
5362
4747
4432
2512
8257
4060
8273
1265
3632
8016
3633
4043
8511
6827
9731
1088
8371
6719
258
7638
6578
9997
4464
6674
9630
6140
5788
7303
7337
1227
3511
1221
7394
2394
4319
9514
2372
7272
2971
1709
9346
2821
7622
9237
298
3039
8985
9458
7657
544
8423
8844
7258
2376
983
7744
4111
5659
4225
7607
8733
5125
8146
2203
5988
4809
2170
7402
3791
2417
4736
6858
1405
9908
4381
6065
6021
9552
1208
5089
7289
928
7288
3705
8925
5892
7494
4955
2165
7697
9483
9790
9785
3639
3902
5694
3620
9213
3711
4365
9064
1389
8962
4474
6412
6684
8116
8562
5295
2322
5772
7630
7728
1214
4625
6497
2723
3051
392
1204
2466
4426
9982
8419
7702
5262
1483
8190
4391
4058
9508
5261
865
9150
5304
7512
9300
3396
8816
5571
9331
5777
1014
4263
6942
401
4172
6094
7053
7998
3159
9283
9124
3263
4162
5503
9008
1305
8969
6460
7773
5571
5266
1305
2975
8449
6597
3294
9466
7505
3856
380
1982
9396
4508
8925
7313
920
6801
7145
4202
3966
1179
5186
6381
499
1085
2431
9849
9776
1274
3960
4135
6835
1381
8970
9722
6824
4989
655
137
5091
8383
1409
8647
5912
6191
7799
7994
570
2376
2743
769
860
4019
6514
7082
4965
1029
4285
6125
1537
5140
3200
7940
2325
1387
9108
6364
7695
3253
9481
8362
983
4209
6599
4559
7996
6186
3536
361
6130
8848
9131
5113
8019
1510
9903
6162
1874
7376
7863
8511
8810
2689
2986
4664
3513
4371
2948
4389
5836
7301
5301
516
9474
7475
220
4372
2277
8898
7333
2192
4598
1627
5928
3153
9973
8902
5586
4594
8401
9970
1884
4725
6897
6670
7297
4285
5266
5027
2033
9521
5664
9619
7796
2598
5921
7284
3324
5956
1748
8934
1823
8022
4232
6924
903
4287
4907
896
5391
5547
546
9323
4153
7288
6203
5170
7850
604
4624
2614
5105
7383
4692
4355
6878
8995
6246
2348
9815
2835
4570
1990
5554
8015
6703
2102
8665
4463
7681
1308
5968
2912
1350
3741
3741
6847
2597
9148
7736
7667
8391
5286
9808
8544
3126
9018
6588
9572
6564
2071
7541
3736
5952
3582
7377
5764
3955
7492
5646
3153
8145
7249
2258
3915
4691
8205
8802
214
9645
1811
2931
5224
3756
4295
7632
5377
7135
9636
897
3686
4517
4359
981
8328
1528
5184
5274
5901
1828
6880
3238
1064
3803
826
6470
1879
5179
5447
7115
3861
2715
783
4996
3742
552
6643
981
934
7912
3302
7691
2978
397
7237
2289
5397
2416
2785
7281
6871
4835
5202
5835
708
8597
6301
9592
4920
2934
5643
8544
6695
1748
7828
5668
6578
6346
930
1951
9250
3117
917
9091
374
669
4331
8988
6419
4072
5534
7693
6324
4863
9546
8704
529
5718
3133
8048
1601
8476
9323
602
5846
3812
8725
5080
7279
7808
7888
5504
9099
3749
6657
7343
6701
3378
1286
6341
7795
5386
1233
7156
2731
8024
638
7057
2790
616
4680
9998
3474
5609
1631
6599
712
2660
4140
508
5481
7256
8915
7440
6654
8108
356
2631
6517
2010
6816
4386
9803
6469
2367
9182
1234
8703
241
7200
7100
6883
1729
4842
3464
526
3919
6720
5572
2916
4425
8666
7096
3715
458
2209
8985
8344
4283
9732
7264
299
5347
7074
1741
5227
2617
5720
6476
8267
7050
9676
2226
7848
7914
1429
7504
8277
3718
3207
8546
8315
8109
4458
1961
6552
7064
1484
2635
3018
6449
9934
9266
9521
1485
6473
5306
8456
1082
4904
6110
8218
5766
9448
7950
1472
3503
7117
3780
1392
7986
496
2190
455
464
5223
6631
6266
3179
8318
754
2356
5500
3057
9768
7981
5892
8587
652
2650
9810
6208
2997
6930
8530
9411
6159
8132
5424
5761
9519
6930
8513
2852
7330
3093
9632
3233
225
7158
7699
8382
8600
3271
1058
1840
315
9057
5851
2833
177
1246
2326
8585
6776
9110
4609
4657
3220
7343
2499
7523
9054
383
979
6670
5874
6714
2433
7850
4565
8293
3054
5843
7523
1166
3808
6587
6542
1163
6448
2917
1494
5535
2905
8783
5962
7902
8179
9876
7918
3733
1190
1011
4038
3687
3862
2106
3021
2671
2387
1361
9748
6521
5108
7677
9628
6132
5912
5909
8722
6084
1641
3398
4275
8051
853
3256
2292
8589
4450
7810
4906
672
5232
7212
6290
2521
4024
4002
7765
7659
9988
9055
5496
4689
5387
8860
8295
2390
9165
1155
9093
8237
9382
3483
4327
9335
6852
8274
6351
874
738
4581
982
8533
5681
5017
462
3721
3741
3308
9063
9170
5743
6344
1060
7142
7904
3680
2330
5312
8639
7341
2835
7304
2638
811
2565
754
3518
8319
8900
5336
9684
589
1155
7121
8496
6146
5147
8113
4800
1682
5009
5336
7307
5556
4151
216
8955
5818
7048
4121
3757
7863
5214
9481
9016
9109
2459
2323
7498
7785
6191
7490
1117
4675
3747
1630
1028
4824
9051
8347
6359
536
7463
5384
9748
5607
8083
6464
3064
5828
8216
2981
9007
2233
4318
8769
3925
8007
233
2359
129
6580
434
9786
5475
1603
4867
780
9006
6212
3555
6847
7990
5766
4303
7625
1481
4819
8205
7713
6225
544
4030
1409
7920
2824
7061
3847
4196
6993
6207
6734
4547
6132
7062
8077
8440
5595
4524
1426
8174
4727
2666
325
3565
8580
8565
8645
9452
964
4753
9727
5126
2741
6633
5957
7921
4415
5019
7290
7368
2279
6426
9180
7305
8647
4828
330
1879
9707
8422
9077
6525
472
2523
9813
6215
7396
7087
4002
3693
8026
4191
8676
2299
5904
2722
1235
1343
5052
1342
9760
9785
3280
7395
9339
5174
5440
5465
9307
3685
3811
7710
3110
7623
1081
9991
2259
4683
8142
9278
3492
6876
1925
9657
1356
122
8049
9901
8714
1186
192
1389
7341
1682
1932
548
3180
5983
6744
6881
355
3347
6071
5233
7981
5929
1610
1630
1550
6443
7414
5478
3311
6167
6659
7241
7914
7868
7313
1037
3534
4824
1805
1160
3824
2276
218
8114
1970
6743
2463
4368
5096
1094
2076
2533
2097
6530
2483
8017
1682
7442
4714
7094
2529
4305
7885
5178
5657
3959
4687
5651
2339
4997
9409
7547
3102
5601
7849
9058
7607
6409
530
3633
3042
2314
6051
1889
3206
3579
228
1578
2146
3375
1674
7621
5565
7812
898
7482
8823
1980
3755
9857
1320
6170
4591
4924
126
9889
6222
8090
1359
8502
8499
2468
6954
5123
1100
5219
2628
4154
1458
9524
7017
5630
5410
2324
861
4394
6210
7612
3978
3386
3012
5258
7180
3845
5931
3168
3852
4409
5955
5342
8289
2986
4395
2125
5565
3458
7314
4882
8900
9649
2358
5155
689
356
8883
9330
4426
4628
9243
8094
7551
3214
8586
2515
8753
294
3914
979
4549
3584
2144
1141
638
5090
1532
6521
3731
6674
5992
7052
7519
9767
338
1896
5123
2480
4718
9666
1053
7624
5786
5907
7715
8387
6840
236
257
5642
7338
1026
3068
8438
5422
9842
6024
3662
6222
9115
2438
8552
2187
9960
6467
6863
4843
337
202
9327
7218
8147
8720
5659
702
1077
4168
3076
3845
5656
4011
2389
2507
5055
9723
5489
9349
6016
9738
8378
6461
3296
3413
4448
8035
3879
1436
6977
3108
7916
1479
7411
4994
7621
5600
3556
3872
3324
5919
3829
1975
3988
3220
8073
4383
5622
8488
2217
1042
5369
7735
5446
6563
3108
5491
6448
4915
1340
2603
5904
9816
8773
2185
5463
4311
5648
2643
6441
9844
7656
3273
2353
2728
4863
3591
4269
3123
5949
7592
5382
8296
8594
1777
8177
1784
1460
2093
2731
3098
4189
5244
9706
227
7043
9041
8908
284
2860
3143
7900
3628
3586
350
7980
9272
2894
3242
3336
6003
1884
7841
1957
1428
8011
2269
438
9534
9997
5280
8160
2784
9438
7797
6485
2652
3193
1476
3867
6721
8975
5745
3997
9986
2826
3754
7260
6715
2083
8433
7594
8520
907
7038
3481
5193
4719
6773
6205
4658
4479
5378
5443
7014
4320
5513
8024
6237
88
8128
4820
3183
5664
9831
6883
8813
3986
9018
3896
5106
1771
7256
4897
8077
9134
3740
2836
4892
6568
4879
4518
7505
6461
3006
9074
4470
333
4089
902
7920
8593
7303
4846
3553
4818
4107
3353
1665
3219
2929
9805
530
3238
7154
8700
7529
7427
4024
1741
9316
9486
7595
3752
1163
1431
2328
4654
9191
9029
7842
6770
5632
3258
9775
1388
4038
5474
7566
3176
4915
6688
536
2747
4889
5387
4258
7611
9262
3194
1390
8668
7681
4799
6535
4994
949
365
9466
2520
4003
7965
1448
5050
3692
2043
4627
7185
9525
9389
8862
2809
2522
200
6941
1399
868
8596
3867
1633
3785
2719
3106
6053
9687
4302
2460
4831
2754
5173
4297
4663
2944
8899
8443
8129
2571
7524
3853
9795
5588
4528
391
4886
5757
9477
7774
86
7230
3702
2245
3513
7283
2307
9722
1263
8294
2547
7550
6807
3247
5223
8378
2122
309
6645
7914
9594
7790
7059
891
1389
3193
3742
1998
5458
9643
2697
5566
3567
422
1686
8224
6689
6486
6984
7971
9971
8091
562
5666
3666
7120
3319
1651
7135
6818
7204
9158
5397
739
403
3836
2262
3857
5606
4742
3774
51
6049
1524
2344
4813
2825
7562
9933
6049
3852
2469
5617
1989
3785
1846
8809
8459
4732
8180
3861
8349
4884
9483
339
8437
2103
8826
9322
1242
9829
7909
4218
5159
9660
9979
9031
428
8357
5471
8135
850
1351
4933
6286
3402
4767
7496
2269
9452
6344
9154
6588
390
6862
2629
7427
4333
2937
9290
6507
1184
1844
2830
3062
8786
2767
5917
5220
2285
7698
2792
8253
9832
1795
1283
839
7882
4711
9731
8064
6203
8031
6603
5088
8432
335
8072
2426
9502
3736
300
4085
2357
2836
491
756
877
1814
4337
5984
7266
8048
3643
3402
5022
7886
6407
4959
5993
3770
7447
9058
2915
5238
9517
5197
4753
390
4756
8517
2090
5172
1572
7044
7339
1214
1838
8549
6591
694
5439
429
7203
2049
9681
2735
7217
4775
3372
142
7318
7702
2980
4893
6923
6524
9439
6478
1551
4402
6983
5908
5701
2499
2965
3110
9290
1620
4639
3992
5676
9657
6126
5743
9675
114
1318
300
4704
7290
5469
2952
3858
6922
984
6005
6476
9398
9696
2077
5948
4012
6462
3709
5958
1782
3583
9515
1685
4126
6935
6993
5480
2124
7364
960
3664
3070
8863
4787
8960
4704
6747
7055
4907
2608
9888
2675
5355
2282
6542
7639
9732
8484
4407
3460
3550
2200
5016
6607
7582
5789
371
4708
7345
9566
9774
3075
5104
8396
435
1784
1276
8306
1314
1913
7467
5843
6733
1656
886
4027
3310
6090
63
3765
2457
5343
1017
6128
8469
4739
242
5095
5719
8485
1719
3301
3604
550
8074
6746
9067
3225
2561
6210
3293
2156
8869
4206
5865
2631
667
2661
9119
7767
9727
7022
2991
650
3555
4469
2360
265
5153
1685
4447
9116
8404
1394
825
9615
3815
4100
1406
5415
8283
1773
4188
8581
7875
3751
9879
7571
9494
8877
1360
5648
8000
1841
9831
4964
5521
9037
7667
422
4222
6100
931
2679
7569
6285
5730
1799
423
84
612
1381
9646
1245
3873
9040
9800
7406
7482
6758
3697
6889
4870
5638
2119
3232
4004
2282
3628
9156
3463
2899
269
307
6931
1599
7857
5936
8293
9909
2938
618
6482
8215
3626
5631
1477
1455
6203
1582
