2918
9684
2260
966
1242
3701
2228
5969
3306
6126
6726
3320
3105
3289
6674
4668
6997
359
7813
9736
4673
8074
9819
829
3721
7187
391
9734
3956
2340
191
4039
4493
2443
9108
7831
5770
9126
4407
8332
2496
8818
2490
2416
1889
1264
1618
4783
1754
495
8609
1715
2882
3896
3234
2261
211
855
8436
8951
726
3623
3924
7896
2189
3068
9062
409
8849
8701
2089
9526
272
5293
7388
8124
7130
1185
3488
7284
518
3055
9278
4727
8834
4762
250
1909
3610
9408
5158
4634
196
8674
2552
8422
7652
132
1457
9317
8450
6891
1156
6102
2816
7838
6284
3238
6778
7394
875
4061
4763
4885
4806
420
7867
405
9108
1703
3763
5839
2938
9786
7107
2245
8819
4670
7345
7711
8263
7145
6813
9805
1344
6446
3892
699
175
7788
4784
236
5968
5606
1959
4599
4275
5618
1530
4798
5942
1816
7619
7464
5409
2083
4994
2588
3976
3976
1748
3713
1278
9558
432
4955
1852
9650
2213
5364
6831
3050
9591
7170
7043
8198
8005
2394
4889
7178
478
6664
3983
8703
3951
5294
7389
4096
3891
4598
4849
6886
1221
965
9409
7169
7602
4020
8666
8996
2672
1303
7294
4147
8209
4994
1938
1766
4632
6479
2853
889
4687
2504
4058
7062
7202
2886
1933
3178
6866
7821
269
4956
8033
3923
5682
5470
2408
4583
8113
8286
9482
9425
8839
3689
1897
3933
8476
1986
9776
2816
3826
6706
4169
8313
9922
3860
2037
4676
1208
5839
9629
8229
1043
1419
3032
88
2944
7277
4481
126
711
52
2219
7171
2498
1893
581
5470
7680
3764
2318
347
3032
219
8658
1300
8419
788
2842
3081
3538
9950
7040
705
6066
4701
9454
8879
2647
6436
2016
9850
7429
8422
3443
5938
4113
4421
8953
6556
4108
919
2452
4663
8337
4354
4333
8956
1414
1724
4768
5522
6493
4151
6329
9864
6837
2403
3666
9765
7160
3523
251
3451
8854
4707
8310
3355
1655
8939
2456
2991
6592
1960
1520
1787
3606
5639
798
9624
1646
3708
914
9319
3446
1678
6539
9136
4054
2509
3796
6442
8458
285
5904
7203
9879
312
9758
8145
1532
1135
438
1174
3651
5313
3384
5403
1981
4326
7308
1837
387
5687
306
7199
6300
5531
2476
7806
7426
1558
4937
6607
4973
9757
6437
962
9735
4538
6278
1297
9573
3615
8096
9719
175
3387
4363
99
8505
7987
7234
2887
8122
1677
2855
8406
829
1392
1825
2968
4642
8613
4894
1670
8349
8440
58
8309
9030
8495
1765
7248
9778
4475
156
2484
1363
3330
7481
3927
6320
3776
3288
3150
7837
5731
1962
7106
6481
8136
4907
5666
8164
8606
751
5093
3250
7907
1512
4299
7881
8593
8365
1374
9364
4228
746
2736
2995
8773
717
9158
2143
1416
105
9012
6875
4351
8849
5236
3264
9995
2647
2694
1296
1508
4603
6772
3518
9908
2460
3124
8084
2336
4772
253
9900
3047
8254
2578
4346
3956
1838
9368
8741
6159
9931
4990
1983
3258
677
4413
1643
7608
5711
7227
2212
5737
919
8442
5866
5011
641
507
440
7398
3894
9666
6723
8918
3206
2475
6000
4196
6304
8587
7543
4627
6050
205
3013
3652
8425
5903
386
1033
2286
3686
5274
6218
1832
2647
4624
9899
8780
3452
6930
5599
6090
6464
4800
7812
7529
3251
5824
3806
3006
7049
4750
2284
946
3165
1466
4203
4416
3965
9252
7078
2326
4299
2340
3151
8659
8972
2844
2506
6229
2690
4863
3342
3459
941
2074
179
4886
1395
8765
9187
187
9326
9748
3313
1191
1377
1823
6814
3546
9809
4472
1460
734
6539
3993
7455
7210
9164
5674
1936
7200
8613
9823
229
8452
5084
372
3999
8039
126
96
249
3786
3467
3432
6512
7639
1001
2016
3252
5435
1833
7918
5585
3697
4985
9353
3262
9695
5730
6819
9781
8830
7555
2399
8479
3018
332
6449
5905
980
3815
4208
1754
2039
584
8923
689
6243
8329
155
3110
1994
9807
7226
2465
3564
1088
1415
4723
8191
6513
7985
3833
3297
8258
7935
8041
400
7751
8270
2190
7102
5253
8893
4833
7279
8830
5867
9034
2644
6819
3228
6320
2997
9727
8642
5182
2947
7052
2144
2807
631
4988
7917
4033
631
5246
8079
6341
8849
7628
3559
3251
9736
6241
8842
354
1426
154
8393
1784
3640
5919
3562
9066
1072
2177
4609
2151
267
9623
2116
3054
6260
7275
8446
9204
8319
1704
7303
9778
5683
6126
925
9388
6392
9330
936
9360
1286
7334
2805
1735
9109
1913
6061
5225
5888
8130
3694
4977
5710
8459
9490
3378
2474
2742
8752
2491
6816
2089
2722
7229
2189
9667
644
8730
5104
8614
9907
7716
7477
8727
9484
8244
6976
2470
7391
5962
5612
4426
9585
5297
7566
4531
2175
308
8786
3562
5591
1647
3364
3576
7591
973
8075
3501
9075
6551
8855
5905
2588
667
7966
5476
4885
2807
5606
5702
3821
5760
5964
8735
4748
2560
3486
7909
8721
7586
7660
3946
9919
9427
2089
8715
1097
9308
7253
6806
9518
9710
637
8589
4402
6270
9422
1215
4379
4820
5902
4024
6124
1805
8744
2773
715
8388
4760
5774
8442
6733
1011
3693
7615
6195
8484
7446
8403
1095
815
2159
7131
8285
7490
9691
723
5553
339
7767
8277
729
2733
2811
352
9446
1497
4797
7636
3588
9455
5105
1507
6198
4194
2208
8458
7946
8114
8028
5966
8211
4673
6565
3741
435
2765
7929
5148
9246
3664
8441
8507
9633
6975
4137
6036
8256
7712
383
4141
9098
7174
6418
7878
8789
5193
1882
8387
1046
7876
1529
6373
7698
8812
6740
6787
2407
1082
4711
3954
2555
1090
4689
8815
4914
3051
3267
8047
7783
2974
4278
8872
2780
4995
3602
4577
7255
293
2737
1854
3501
4034
750
362
5862
6851
5245
5528
2748
4303
9502
4751
3395
6757
3093
7884
3162
6022
9203
5682
7558
1041
9665
5090
3883
4682
441
1700
4012
435
6925
575
8095
7335
891
8551
9210
3997
8929
8164
9085
8979
1962
2278
1262
80
4930
4132
2206
243
2339
5776
3260
6822
1541
3609
5890
8509
5711
5587
407
8053
5252
9602
3960
1053
9599
4098
2226
6369
9213
1911
1609
9020
1272
1192
6159
7716
6050
9470
5521
1918
3701
9904
4619
1499
3759
9186
8379
9250
773
6851
9905
3034
5905
8731
3763
9555
6811
3543
8288
3452
1785
6773
6704
65
1926
8751
8774
7505
3788
6262
378
583
383
4688
1971
144
9771
2955
7778
1100
6652
9026
9434
2867
1502
8411
5789
2907
2656
1122
3604
6160
793
7424
6302
3037
4659
2309
5188
9844
7342
5186
9237
2672
846
6393
7857
8830
7122
9398
9467
2641
9598
8110
5247
113
9097
9365
2876
6825
8343
7400
4501
7912
5175
2556
2648
8874
837
4761
1682
5011
9820
6452
6959
9764
3389
9394
2393
1638
9767
9292
163
2250
2637
4333
4157
1429
9765
3183
7506
7284
7130
9022
225
6573
4849
9681
3941
9048
5057
108
1510
6922
6426
1234
890
768
7532
1290
2336
2252
8904
964
3460
892
1098
8349
2014
5927
1078
6805
1701
6951
604
1621
4762
2135
255
2405
7852
6306
2967
5233
217
9723
9116
243
8915
4746
6133
4201
1632
9002
8436
5949
6414
591
9716
4614
5714
8766
1317
7563
3151
9282
3947
832
5704
3318
6036
4014
8715
8391
4321
7211
7304
1443
6116
1674
7924
439
9809
8343
5763
2187
8681
6255
6710
1018
2031
9466
8783
5053
2948
2538
6073
8255
5855
6769
4497
7858
7728
8233
4899
1352
6604
2085
51
9788
2902
871
8794
4712
3721
1940
1115
5616
4100
5119
1807
7951
6854
2113
9727
1886
4855
3955
4306
558
1809
126
6126
8158
4158
5498
146
6143
9164
1740
2795
2386
1515
5689
3603
4638
7381
9743
3088
8872
9602
6749
1981
9554
6446
992
1210
6747
1272
7766
609
2320
9487
6462
7331
1838
9439
6726
708
1212
8613
5686
831
6065
7201
4340
4809
8211
9545
9819
868
5130
6335
2916
2590
5739
965
8294
9439
6433
7319
7062
711
55
5237
7351
910
9960
2949
4128
6809
5660
1756
9082
6997
7170
8748
6601
8852
1936
3422
5151
7765
9491
2892
9699
5981
7658
7251
603
9887
9570
3670
249
3387
1492
4525
5592
7882
6387
7076
1449
509
1327
2863
7263
5122
1879
763
2084
1805
1986
4653
3280
4737
4625
5447
9978
5802
7923
122
6423
7109
6640
8951
9115
6304
5383
9117
5672
9996
9513
4096
2913
7470
7045
7513
2429
3874
5797
6870
1864
3949
9410
6714
8440
9388
573
1837
9398
608
7000
1330
3517
4315
2258
6497
6478
3692
4451
2942
2008
9702
1367
2109
989
6016
6108
2831
4548
7743
5103
5967
4003
9197
1682
4532
8337
2814
2549
8395
5287
1796
2810
8842
4001
1376
9546
3617
9616
3570
967
3292
877
1892
5491
4713
2597
9831
6557
2420
710
8442
9850
7585
9094
9717
8499
5997
7389
4686
7524
9791
2721
6104
2172
8450
2414
6407
3385
9044
910
718
1382
2119
657
3938
5435
2708
533
7116
6802
3191
9167
925
244
8933
9869
876
5613
5037
5865
1983
2093
53
4297
233
4237
1067
9412
4284
5421
474
370
7538
777
5122
1473
3710
4846
7364
6988
5322
7844
9979
9503
9563
1439
5117
3922
1890
5865
3100
5741
4855
3794
2977
3490
1109
5736
8298
7248
8184
2954
2567
6763
2269
7824
4784
4673
1742
3457
8200
7260
7176
8377
195
5182
7134
3763
5563
9591
1896
6589
5849
3470
1523
9424
652
7124
2678
533
7077
6610
3417
8218
5569
5944
643
7682
2802
3417
4860
5947
72
8166
8295
3780
141
352
2795
5786
6288
3696
2154
9332
3496
3964
772
2250
927
5787
7615
159
1315
6609
9377
5932
696
8313
7213
1243
4781
3202
3071
8133
6613
5586
1247
3992
5450
2006
6794
406
4711
5755
6030
6365
8836
309
5368
3847
3273
1650
9127
2783
3990
4254
5578
2189
9353
676
5740
9112
2671
7606
4901
9875
3114
3515
3268
3349
1830
8117
6551
630
1706
1096
3338
3348
1941
5782
3600
4916
1564
7872
5693
9436
7751
4031
2684
4347
9900
2474
2446
3650
8878
1033
4713
8039
2893
7226
3517
5562
2629
3451
7523
6656
2730
4720
7194
4043
3339
7276
1298
9971
1348
1609
3128
7878
6030
2030
8256
9125
2032
1695
9240
3611
5077
1777
118
9642
2498
5907
5927
4364
2673
8714
2806
1563
5757
4484
250
6008
6902
1280
8882
2390
4104
8522
5455
5550
5932
2049
2800
6457
8247
2371
7681
2332
8910
1807
1992
7830
3982
4749
7654
9209
4365
6372
3501
3213
2696
855
5071
691
6183
4929
3756
2239
9290
5040
7787
3061
7473
3209
1847
327
6156
6691
8373
4536
1431
6263
1792
4796
9631
5354
1474
778
8151
872
9670
7129
3138
7488
5884
3739
4592
5466
2494
6979
9450
9496
4766
1538
2548
4589
3154
4191
1260
9768
2533
2658
3444
4848
3047
2772
4608
1883
6278
5770
9246
2889
3205
244
2702
1702
3288
9501
9978
2110
3447
948
9656
6547
5311
5853
5603
9069
4597
4767
4605
8316
996
8268
5379
8800
5335
8328
8145
3591
4145
7092
1467
9675
2991
2230
7592
4539
2305
6549
5913
3808
2152
215
6477
1267
2716
692
5949
7415
7604
1967
3807
5559
706
9409
9632
2037
3609
2397
2426
4167
1700
2117
9588
8561
5135
6388
353
7162
3717
7135
2590
1719
4300
2192
5213
527
5260
4430
5166
1114
1710
318
2723
6804
2009
467
6522
2584
2024
8216
2218
5911
9724
9040
8162
2586
7866
2858
3291
3526
5239
7749
473
1239
682
2346
6659
2924
1417
1279
8301
7569
4896
5441
996
9051
1387
303
9002
3250
4516
8630
7404
633
7456
876
8600
5253
1308
6654
6282
1842
6319
4297
6625
6852
8457
9528
2037
5271
5654
9417
7956
5792
8841
8532
7602
3234
5480
8735
1632
6629
6111
2360
6189
4598
7883
2535
5919
8502
8169
734
1673
8883
9707
2677
1457
3248
1187
5029
5690
9677
8583
9660
3694
8620
7019
7721
3494
912
7042
3486
3422
6591
5498
4713
284
5670
6018
974
1550
3177
8678
3417
112
7327
6202
9110
2278
855
8152
1496
3819
6669
5885
1975
4605
8851
6068
9358
5473
3213
2887
8433
4208
2987
3896
9064
478
1885
5420
5141
3637
5931
1993
7224
4123
7516
6805
3043
4462
8966
3140
2443
3782
255
5915
1071
1772
1949
8682
8736
8565
6314
6361
7478
2644
5820
3994
9992
905
3732
6531
8668
4828
612
8615
5896
7323
9696
7612
1439
3096
1610
737
7300
7905
5271
1611
7116
7704
4522
3766
149
8683
543
9540
5607
9052
2414
9828
7324
8994
9738
803
4550
5755
8427
9483
7050
2803
8025
3825
4478
2721
7057
243
4930
1023
1666
2954
4262
8966
2015
9944
8304
7760
5984
6875
6661
9090
5819
1610
5789
4920
4303
2857
2153
2860
6880
8856
3862
7072
7358
5342
2836
365
4491
2611
2409
1546
1388
4038
2610
8574
9998
3505
7391
7352
2639
3900
7782
9976
4537
1157
2797
7556
5909
5841
8739
8772
4696
8559
6935
8104
3414
1169
1085
5631
3544
8095
9473
2928
6921
3000
2344
6207
7057
2629
6648
4471
3000
5014
6782
5698
2331
2011
6238
3406
9079
3870
5938
8005
5846
7518
702
7483
303
1275
845
254
2116
1895
8245
2265
6975
9085
1049
9159
6068
1664
6660
3004
8449
7335
4557
909
265
7785
7820
509
2987
2779
1261
8449
1313
505
457
1026
1581
7048
2621
5582
9928
9621
8917
821
9872
6106
9063
8465
5967
6758
6348
421
7692
298
867
8087
8620
2180
973
7071
4015
2200
2782
3582
843
8734
2051
5307
3822
3537
290
8224
9606
9931
8075
5111
6457
2662
3153
4570
5267
9391
6216
5460
1913
9731
704
2931
6814
4703
8672
456
584
4672
1593
7567
3445
5833
5179
6731
5518
9768
2951
116
6877
8418
4118
7415
4165
5950
9993
8905
9849
7043
9690
137
6970
7836
7154
295
9958
3879
7565
8001
8137
675
7795
4204
9777
8563
9194
3684
8549
5646
1732
662
126
3971
4062
5467
837
4948
6902
3100
1462
826
302
9842
94
1642
8845
9979
2089
5293
4367
224
605
4134
4893
4301
4816
7593
8820
9773
4361
3872
1716
4838
896
7512
7306
3221
7514
9210
7861
9702
692
6498
3654
2444
5714
1752
2634
2686
3217
3538
4647
7941
3176
5139
2889
5877
8953
6328
5678
512
6088
3848
8431
2346
1941
7861
5800
9631
3558
7211
3520
6390
6935
2580
2407
9873
9663
115
6281
3680
2552
5840
3343
5509
1583
5360
2907
1848
3305
2032
4890
9260
2274
3970
7110
2184
1755
4387
4864
5944
258
8705
2278
4533
5743
2967
1531
2486
2405
5886
7014
8139
5229
264
5472
5576
5130
9544
8216
5023
7344
9402
455
7711
534
3408
1572
336
7479
3218
9356
4992
9638
843
8723
8286
3797
6505
6797
5767
9461
525
4534
5235
9810
6826
6228
4369
3770
7855
5336
9565
9655
4909
8221
1598
1030
1980
4501
5709
8038
9577
3459
2699
6084
1579
7939
2788
7102
9638
2268
5614
7044
1076
514
4117
6376
7851
8091
4057
6088
294
5932
8215
463
6799
8968
6778
5692
3146
3119
6231
7800
7743
4109
2551
161
4535
9734
4754
7725
2275
2973
4233
9034
1957
1904
4421
5043
3986
6685
844
4990
9384
4716
1432
1001
8566
7314
9358
1576
2699
460
4622
1979
3882
6260
2651
5507
3822
841
9918
5382
8372
9361
55
2918
8367
4902
4956
1067
1477
3883
3528
6696
3605
5175
3748
4140
2676
6578
6218
8574
2670
8064
1454
575
1352
4531
6545
1738
2951
9480
9014
741
2721
7436
6342
1364
6557
5380
5967
2683
8865
4990
5991
4007
979
5016
2084
6096
4087
5038
2169
3436
8324
8752
9337
789
4484
9601
6828
2417
6397
1448
9113
6336
8206
5892
5838
8540
366
9243
4676
6269
5180
3712
8569
665
9307
672
9822
648
805
6101
8663
355
2348
8476
6381
8384
5558
5558
5894
3493
8846
5086
6589
7664
6183
6962
566
1386
9881
9982
6913
4792
416
8644
4132
6433
5918
6531
3599
3951
5588
5630
2769
2684
4361
2186
6951
6178
5476
4007
4537
4642
6705
6415
4906
5095
4861
9328
5325
7751
2643
706
6190
9910
2839
3130
7816
67
4074
9957
5895
614
5219
6203
4786
3534
1488
7941
7594
3792
2929
4779
4166
322
3410
449
8952
9429
655
1706
6547
9506
1454
6912
506
6475
9664
944
2633
924
8232
5534
3977
1720
1751
2881
8520
9433
7828
492
8909
567
5458
3457
5600
2501
9378
6897
2799
8423
1710
7106
5629
6133
54
7228
2016
1910
8374
805
762
54
177
1065
1231
8642
4357
1050
975
2308
8162
7443
5437
7064
477
3927
9347
7737
1182
8330
2094
9463
3324
5016
7234
9864
5139
8228
6410
7033
6338
886
9877
8278
8171
9423
1496
4047
7576
9661
2878
4109
4083
2923
2661
8961
1988
6837
4157
1757
2537
9480
9934
3016
7818
9255
2331
7443
6385
9874
9511
8340
686
3864
7865
179
5092
7717
4220
7465
3936
8724
1624
7504
9347
8429
7985
6246
125
8714
3103
3948
1463
443
3621
9301
8197
2980
3510
3485
2834
7897
1177
9564
1830
8090
3679
431
6878
4903
3436
1832
1476
4931
8329
6361
9898
5828
9214
1667
2061
8179
7655
4122
541
9738
3784
6016
7505
6436
6619
4314
4934
2970
5448
3893
4597
4733
825
653
2409
5363
9572
87
2428
5587
2572
1857
2348
9431
1829
5942
5493
6663
7014
5047
6377
887
2036
9975
1354
405
9647
2565
1067
4884
7654
5702
9938
7370
3906
3611
1347
5324
4160
887
5313
1621
4981
1360
4110
2882
564
7931
7193
787
7888
323
5563
1951
4284
184
3995
8516
237
5672
2830
7505
8948
9770
2214
7478
1386
1470
72
6543
4200
818
6282
3882
6123
1203
3905
5137
3525
9618
2549
4978
4527
9204
8254
3827
771
8343
650
417
7842
8154
1682
5602
5975
449
3139
2731
868
118
616
8707
2944
3438
5011
9870
3549
4282
1347
124
2069
5255
9237
4555
9337
5446
2693
3408
1474
7250
6758
492
3169
3989
3822
4927
2200
4119
3791
3151
8973
9950
9466
6069
8244
6633
9866
9781
2418
6408
7077
7814
8763
8726
8133
9089
6380
2759
5362
4668
8449
2097
2731
1673
6186
5457
1285
2996
8641
4820
3103
76
7280
7714
6484
3328
6227
233
83
1851
8520
8114
4691
4107
166
887
3909
790
2419
1592
1330
9390
7725
7300
7785
5392
5233
8352
2784
2587
6422
951
2171
8520
4296
5481
9310
2728
7162
8494
7833
66
582
9238
216
8384
8899
3926
206
471
3168
7871
4906
8971
8032
2696
6306
969
8055
5108
9538
210
7770
4321
6934
4075
3252
6322
5831
1588
9449
8766
5932
328
9271
3544
8132
9306
1804
7028
5859
7533
7547
6943
5341
6309
6867
5170
4955
5856
452
4523
2335
7872
9100
3102
4800
8264
6507
2052
5756
2460
2243
4388
7173
495
7486
383
8751
7887
4511
4779
7173
6117
2449
430
4590
5401
4068
4927
8422
9145
9851
5383
187
4108
3946
3490
1530
4697
3587
7786
4040
3658
4089
2514
9454
5209
2656
3316
7780
9971
2538
3787
1171
7404
2473
2081
6156
8617
2494
5326
4775
8065
6605
2674
1665
4101
3168
7391
7637
7169
1501
9065
7461
9681
4594
7097
7267
8629
227
9262
2713
6997
7504
2693
3035
6066
1594
7018
6127
1984
8119
7659
9510
605
7484
2660
9275
584
8774
2831
4549
9547
4244
5721
735
6844
1364
3620
3202
3536
4664
3027
302
246
9435
3336
3327
9071
1216
7483
550
6039
5393
7425
5919
3788
204
9814
5859
1754
9231
6167
8313
535
383
9714
2263
8827
498
4041
9252
5721
6364
5748
2027
4698
9132
8512
5606
9852
6903
5701
4842
8223
2891
4788
4820
6313
5245
2967
2290
3412
4554
5689
6518
4650
5144
135
7936
1677
7474
2170
600
498
9296
9097
1765
9167
8473
5110
9615
7454
5169
8721
1980
257
7239
362
1993
7994
7965
4764
7519
6358
6653
1820
9168
2058
3428
7806
367
7222
1240
8864
7709
4887
6127
7641
6858
9430
7405
6322
3399
8068
8383
6371
4369
7781
4673
386
2785
3517
4220
6661
9951
168
8716
5125
1522
9674
2321
4216
4319
4668
5866
9171
952
5259
5352
1053
9896
603
2881
1572
1292
1310
7624
2587
2352
8732
1898
1830
3449
8589
2043
5156
2975
6624
1901
4535
1959
2783
6122
4675
8986
1227
7913
6715
1818
2700
7032
4863
8540
6119
5308
1540
2368
5027
9050
971
5767
4787
5783
204
6989
6326
2289
3960
3140
8073
8728
3303
2484
2555
8732
2019
4695
9863
7539
9401
1463
2986
3824
4004
5250
9972
7126
3914
1436
219
7300
818
3674
1832
5260
2582
469
4533
1728
4830
7995
926
4485
5062
4162
767
9791
5773
2198
1016
4536
1548
3694
8385
8804
3044
8253
1441
4012
789
8111
7587
296
4225
6568
4463
5709
6521
925
7983
6009
7695
5172
2177
2547
5676
2805
8712
8977
2359
4406
1824
2711
2205
4232
1416
125
9941
9132
5051
8444
4394
6826
7737
71
8152
7853
890
1736
7568
7184
4773
9497
2204
1028
2833
5513
5046
1466
9509
211
1585
3147
3215
6030
6487
7063
8695
7369
7516
1193
5172
6355
4523
7722
1364
5409
2614
4862
1621
4819
2212
3961
6160
3832
9147
9168
2403
9645
3896
2542
8632
5642
5899
3719
7179
854
5528
503
5040
652
9343
7130
1364
2064
1320
4376
6281
4645
9358
6931
2015
1544
1279
6420
61
2079
4262
8963
5877
1989
8821
5500
2756
6203
6612
8787
5826
6663
8408
5221
1352
1564
3651
4496
1311
7497
8482
1149
9181
5109
5205
7767
9387
7743
8071
6783
4205
9896
9027
9328
382
8522
6225
7629
1239
5445
2729
9931
3239
8537
5384
8246
9471
425
9385
4254
4195
6079
7040
9079
768
3320
4700
3579
1009
7158
3252
8310
8535
6919
861
3759
8338
266
82
2032
497
1324
9303
8013
4735
913
1766
6076
5378
6612
4921
4979
9409
7779
5524
9491
1413
1647
8507
6924
9401
9579
7091
4020
9965
3020
5086
5386
1715
3341
8990
6033
6322
7757
7598
7761
7963
3087
5759
1324
255
8877
1257
3361
9190
9123
930
4708
6910
5554
2663
8102
6758
8731
6134
7292
3790
7922
5582
2083
7257
7686
732
9349
6354
6038
190
2626
3357
775
7143
5161
5463
8020
7044
9582
7761
1904
7466
9130
1953
6867
1600
8175
2165
4126
2693
2122
6639
3209
2382
2329
1396
8547
5496
8993
3597
1980
6237
7738
9056
9052
901
79
1777
4976
9759
6592
877
7443
341
9611
5727
6819
1362
5676
9571
184
1762
7441
4560
6492
6371
2112
9629
515
7670
7726
2102
4293
7322
2051
7180
4353
2750
7861
7009
9438
9594
1842
6563
7455
9300
810
1292
8021
2275
9197
2977
1887
3219
1088
8447
8576
3182
2352
4144
8261
156
1885
4046
5407
102
7077
4278
2261
9876
9883
8638
2035
4460
5729
1182
4847
5604
3248
5906
449
6181
9432
6789
256
1967
9662
3368
4451
1021
744
1174
4963
6193
4456
1045
5416
800
4249
1601
2787
3070
3098
335
7673
2516
5948
7687
268
9185
373
4229
5115
1893
1209
1648
1860
2544
6734
7925
4642
4699
4967
3002
4245
8258
3595
7121
1564
1291
3823
8774
3203
5194
1145
6734
6456
9601
984
1754
1889
1497
5225
2829
4478
5634
5304
1197
6292
8040
7219
7550
7448
5190
7576
4848
5971
6160
3913
2655
4874
4110
9671
3665
2020
9965
8633
424
8287
2470
5610
2282
1302
1286
4452
2395
5955
3067
9806
737
3825
385
4726
7815
5362
7483
7358
4169
5012
3324
3937
6207
6956
4613
2457
8527
3429
1002
953
2070
8250
5782
7047
8149
2281
4124
1014
5544
897
4114
8616
6030
4309
6610
4755
8493
4271
2550
2771
8181
5385
4099
1651
2042
4310
3509
2374
656
1147
438
707
2614
5090
332
2060
6639
4425
4849
4595
5751
8463
9645
8161
935
9122
3360
2505
7351
1764
1249
486
1157
6947
3889
1561
9191
8293
7131
742
871
2603
9084
7919
7181
9283
1589
4384
8686
496
6373
6966
9427
3014
7109
1228
7831
6041
6667
3392
7145
8977
1394
8368
8250
5851
4359
2524
3100
5179
3312
3351
7439
7086
4388
1996
1123
6797
9062
9698
7694
9983
6861
3431
8970
8689
9768
8045
5141
2935
6118
3995
408
4165
6806
3433
6650
1711
7471
7698
3633
3831
1172
7574
4177
9686
1344
7408
4838
4829
9714
9076
2572
8396
5285
8154
6061
5587
8128
1940
2349
8552
2727
9398
7176
4896
2435
2604
5928
1253
8057
5938
3018
5835
176
6421
7404
442
320
1690
6540
2538
4523
6204
308
5432
7053
8684
395
397
2016
4017
2590
8773
1435
6760
6016
4722
2566
8393
4211
8339
4047
9988
4240
5378
4589
4826
3685
3155
4877
4231
3025
476
7358
9614
3673
3375
1289
938
328
6387
5653
6487
8738
9591
9910
4740
3156
2707
1496
6569
1679
171
1748
989
8431
1268
8570
5601
9502
9934
8330
4468
3828
1291
5196
5836
7630
2138
7986
5228
2287
5860
4390
1492
4619
3534
3405
9995
7711
5798
4274
3656
5425
6756
802
4066
7438
7639
6036
6838
750
1689
633
7575
2167
723
5931
7102
8515
646
1010
8964
5247
9720
3299
6746
9157
4939
7483
7174
1109
6463
7287
1465
2679
2244
748
7113
6990
790
3095
2276
4512
6137
3477
9380
3291
3754
1664
6661
7788
7876
6803
9233
8543
567
9612
299
5226
59
126
3240
6739
8518
883
8729
8238
2927
9317
7214
9583
8372
10000
306
619
5334
6087
1160
4751
1377
7587
620
3003
9419
2903
9451
4832
7205
5466
7958
6185
6131
8845
3919
2633
2705
4993
9537
1904
7889
7995
8354
884
6897
450
7595
1802
8440
8587
8970
5056
6555
7702
9376
2374
9359
9209
271
6570
1031
851
9066
3637
4533
4087
7062
4458
2728
678
6778
3138
9481
712
954
4950
110
2796
3583
892
3097
6914
137
5275
761
7501
6272
812
3448
2615
9389
7771
7174
6126
9387
2216
4964
4279
92
8039
9967
8057
3623
7589
7819
4528
9367
6985
2019
2745
7009
9496
692
7234
1620
5378
2056
2048
1781
1991
1200
9331
9159
4012
530
6343
3834
4360
5833
3184
6710
8956
60
340
4666
8764
839
4872
8680
9984
8783
2630
2687
3165
6093
4943
3396
6484
8508
7666
4091
8935
8359
1711
3422
9194
2132
6521
3678
9138
8038
5353
4149
5879
6234
9472
2428
4005
494
7568
5387
3252
2035
1595
9802
4927
9345
3688
3320
1628
6742
3147
609
7325
9675
4471
298
9522
7189
8367
3251
5097
8626
8972
8261
533
6938
5601
5277
439
4766
792
6183
9643
513
1248
7045
1373
8408
6602
7960
4894
6494
1288
6128
8323
3800
6116
8451
9591
6717
6086
4062
101
3111
3826
1411
8788
2857
5994
6563
2924
7356
2490
1153
2070
4016
6218
799
8694
3392
8007
4643
3119
9440
8840
2265
2469
4379
6421
1289
8052
4837
2235
3240
2985
9685
5572
1150
1050
7801
2656
4239
4423
1239
626
7523
9520
8321
296
8033
9857
2770
3988
3846
4432
3024
3925
6003
4613
5183
4991
8451
1135
3502
9616
9656
5384
7390
7740
6838
3331
8907
5594
9535
2977
6267
5135
297
7781
313
4651
1143
9734
5500
7396
685
6488
9380
4880
4898
3364
5593
7227
3707
4137
9341
9083
3302
7979
5716
9686
1866
2795
7995
985
7664
3289
2207
272
5227
8751
7742
2492
2718
2378
2574
892
8054
4517
9273
9909
2600
5110
5036
213
4090
7215
7546
5796
7210
8214
7397
3653
298
7960
505
1511
618
8567
3222
3204
6289
5807
1824
8316
6522
512
2747
9406
9969
3961
8238
4355
6174
3881
7378
6885
2601
5924
4424
7773
4883
2280
5975
3196
8096
3498
6165
2482
4612
5914
9234
853
1915
3180
6695
4535
8596
123
5159
7024
9011
5360
2761
7581
3251
5272
633
3720
951
7666
592
4332
8975
9283
3255
305
6137
4539
8417
8779
2121
7766
586
9754
8082
281
8497
9650
6179
5221
1047
9386
2950
478
6802
7296
564
2007
973
4657
5050
7584
8474
9931
7166
8018
4111
8983
4144
5228
3910
5707
5398
4708
8661
3353
5074
7721
9289
3565
4244
5142
300
2475
7318
7940
2244
9955
4792
1169
1552
3586
2576
7134
2808
8556
1649
2552
3945
9766
5918
8288
3120
2540
8831
4058
7958
6087
9951
784
3380
4794
969
3118
8982
2015
2006
3921
2360
9936
7677
3026
9520
5646
3640
7716
9833
2523
4664
8050
3614
3289
7466
592
4503
1753
9557
4660
3494
9916
9991
1993
9986
3993
8157
1631
349
4566
9084
7492
1208
1282
9200
2726
6429
773
565
2936
602
8782
6717
7777
6673
9383
9893
739
4258
5324
9191
9509
7645
6804
6580
689
2463
3259
3206
4079
8694
4989
949
702
6222
2647
1260
6088
7439
1621
1377
4284
8563
2274
9238
2348
8742
2980
6759
8207
4770
7099
4267
7087
6622
2305
307
4918
1537
1075
5428
8480
1754
2517
3840
4636
7223
7958
7319
9120
518
2741
616
94
6527
1208
8364
5588
2208
9373
4793
5066
4011
9793
7740
6837
8312
9159
2473
4427
9644
3562
5528
1115
9016
9138
6057
3675
4902
5607
7529
7018
6549
6648
9838
8313
3845
2710
4086
9157
6749
3158
1917
8137
4868
5235
6539
1618
348
4298
3153
2872
7520
1765
4285
1472
1730
1880
7934
3468
1462
4092
125
843
5557
8471
1984
4957
5823
3492
8053
7940
9276
7734
8999
9384
909
1010
6974
2592
545
1127
8235
8456
9449
5998
4049
9031
391
2549
1786
3762
2506
1440
1636
5136
1484
2862
9631
4429
613
9843
4985
7402
3483
796
9991
9220
8776
2175
7373
3576
3409
5990
7960
5027
4895
819
2584
7265
9088
9336
5030
1262
625
3697
8986
7120
6745
906
3280
8649
7506
8483
5830
8459
3569
6416
3133
6464
6585
1243
4879
479
2078
3410
7158
9268
6559
7233
1989
7378
2887
8192
9031
2850
2855
7402
2179
3847
3481
9797
6820
4802
138
9240
8838
5717
2648
7445
943
3790
6372
6781
4326
2680
8284
3575
2195
9087
2220
9517
2140
3710
8198
5941
7717
7761
4711
5923
8200
3355
953
4920
5792
6274
638
1316
7029
3786
2017
3079
7740
2540
909
4707
4685
9894
5282
4788
6172
3893
3262
5410
4924
5642
3891
6709
2904
9446
1907
5119
3575
9210
9838
5469
446
9480
2459
1858
3255
6812
9069
5148
2986
5303
3600
733
7645
2730
1068
56
3977
5361
1043
8893
6207
3194
8239
5129
9546
8713
866
1400
2395
675
6290
8001
4399
4235
2827
4170
9828
1424
5384
2751
4318
5402
5660
66
4757
2448
354
7033
3736
3425
4829
3022
7991
5261
5969
5762
1951
7109
1989
3331
1376
5566
2375
5321
3973
4741
2287
3610
6043
2850
4131
8649
9281
9541
7087
6277
5773
467
591
7539
353
2852
9847
7393
4014
2570
662
8381
2644
6572
5428
9678
9515
86
8695
122
3417
2819
5629
460
697
7385
1102
153
2222
2160
1326
8678
7273
7659
2548
2619
5311
7370
2291
7595
7448
4650
4340
2923
5919
3207
644
9309
7555
5604
3693
8305
4783
7272
5563
6759
9106
8474
4502
2971
2955
9007
6949
296
9125
715
6487
5569
6992
4889
5737
3290
1000
3986
3387
6823
8714
8932
5827
5649
2932
7536
6190
1625
1440
4592
3568
9360
7208
6602
5601
5368
5720
5723
9966
8622
5014
2964
205
791
7724
3349
7712
220
1742
3082
2073
7696
9792
8746
8454
6030
1664
1765
3605
2801
7795
3663
1273
5076
4312
637
417
4659
5844
7918
1270
8202
4246
3038
1184
8830
5696
1589
7403
6356
1655
6887
976
9948
2794
2100
1854
5398
9528
3849
7772
9984
8657
6571
9318
994
1130
4877
8371
6553
5092
9250
6901
6996
8381
7116
960
6245
8511
1134
4335
8475
2507
1824
9717
7231
6987
8262
1222
6773
401
2064
3124
3414
5813
369
2955
535
5468
7424
4770
8262
6324
6128
729
1700
4382
2500
5606
6017
2673
1843
4049
2995
143
9703
6692
3066
126
8577
4115
8999
6654
5524
5836
5566
7002
6393
8521
5635
2444
6472
4220
6269
5202
8268
8510
2502
2354
3494
3447
5244
7870
6205
8048
3838
771
3783
327
9144
7303
287
7681
5026
1876
8766
6206
136
2049
4872
9483
4141
7103
2948
1317
6579
2587
4420
7229
5647
1675
3907
396
3743
5504
973
8882
7303
3370
1089
8218
8453
4519
2940
5486
7094
1263
9679
9570
4149
328
3113
6386
9955
101
9129
372
6444
5660
2878
8581
2969
6318
9917
6044
4160
2929
4336
2411
3401
4404
2925
8189
1559
8089
1152
233
3441
6049
3253
2257
3927
4300
119
8179
8760
5175
728
3238
3448
7582
466
7581
8830
3460
7506
7073
876
9844
4732
754
6741
1855
9871
8357
1731
5885
3959
3140
9090
1262
4518
586
3182
6116
4526
2376
4238
1152
5398
8055
8525
6574
5213
2938
9198
7180
2759
7087
6401
6277
4742
9575
5029
3047
3635
7723
3104
2901
9479
2371
8166
9026
9796
8816
2845
1101
7534
5760
6991
5449
6993
6137
428
7951
9554
8580
7717
5606
2135
1786
2209
2803
3545
6834
808
7969
3984
8441
3660
2501
7991
600
1760
1559
6876
2812
9148
4784
9800
8671
410
3182
794
1010
225
5057
6665
4293
7197
4023
9014
1514
9899
4968
3123
2489
9632
1355
3999
5839
338
1898
6991
9495
9732
4549
7753
6010
1105
9860
5707
7863
3075
6897
3267
9676
3835
3639
1081
8931
3976
8157
7247
3135
5054
3631
3720
4585
4417
8599
3811
2564
711
6201
8725
6374
8031
7083
904
1744
9719
7556
2592
9383
6710
8892
3178
1088
8179
5600
691
2184
1453
502
2637
8627
6506
8584
8992
4002
5278
5436
4747
9550
6732
1802
3313
8835
8127
4233
2237
597
200
4431
6421
4789
8126
2972
131
2067
8310
475
4213
2907
6608
7072
2800
4137
8971
6682
4753
1641
4164
6145
3526
7809
2109
6016
9768
976
9167
688
3348
9247
411
2266
3698
6769
4174
8340
5573
8513
1609
5664
9359
300
5644
3308
6809
3297
8658
4726
147
6296
9762
5426
6039
7846
8222
4455
1355
3632
3321
8932
4207
7921
6711
2442
2720
864
1615
6377
6517
6836
5078
2717
6256
7291
7599
157
626
1135
4892
8795
1781
8291
8490
3524
6649
9228
9993
5977
9355
794
2576
3182
3474
732
4570
9163
5711
8653
7449
907
9963
5172
2118
3547
2097
4458
2587
3919
9210
8100
1661
1797
354
4083
5430
5772
9149
3895
6284
3701
4207
4110
4938
6907
2668
5448
411
8913
1950
8031
9921
9385
5570
5430
9496
9849
9460
5525
8738
1568
4132
2847
1788
7641
4260
1606
8564
4146
5494
7232
3775
5470
2587
4985
965
1659
3841
4739
9260
1509
9788
6419
6181
778
8030
4208
6170
9756
4470
5277
9097
7321
5015
1147
6486
2072
8329
1870
3418
8286
3030
4938
3181
9168
8168
6987
2499
9986
6852
4600
3541
4900
6066
1069
2455
2339
3793
2093
1936
5937
7211
8978
4988
3816
1484
4057
6242
5326
9457
6632
4772
7411
7146
2481
8519
7925
3638
3498
2406
5464
2593
4864
518
6090
5524
423
1722
3875
8471
89
2883
776
8621
8210
2488
3549
6167
9095
4807
6448
6965
1820
6693
2647
4412
5243
4203
806
9843
5626
7915
7282
7412
7241
4767
6961
6852
362
4899
9639
9465
3739
2924
6079
4428
1848
8064
2839
1251
7283
135
9091
6783
9197
815
5059
570
7746
1035
791
2115
4906
6751
3898
2810
5782
994
6328
5099
1136
9654
762
3954
6752
4688
1773
3995
9275
2797
3208
3825
4520
1888
2298
8887
8022
7995
9314
6856
6403
6167
5044
6084
4169
7785
5325
837
9951
3130
8447
8462
1962
50
9093
4889
188
3660
4443
4263
8425
6884
3572
690
3815
4521
9320
6314
6532
8896
1236
1117
5993
210
6560
8048
4388
3388
958
8070
3935
8529
3214
4834
9708
789
6070
3325
6161
5671
4519
7065
7886
9282
5812
6894
8803
4999
9182
8693
223
542
5489
6653
3070
5452
2225
2361
2037
3118
6804
4805
6971
2013
8355
7675
4850
5448
2857
3215
6238
975
6464
6750
177
1578
2606
1425
8384
3452
7181
3457
4324
7384
4683
1528
4724
7107
4244
1389
9546
9972
7170
9246
8985
7933
8014
205
3372
8984
6619
2609
7673
3131
1325
50
9022
5663
4997
8627
2662
2134
8431
1746
419
1720
9316
1156
5068
4010
4142
1371
2084
3787
9524
5264
3779
9473
4127
8778
5460
8446
1344
7257
9414
3087
1143
8546
6532
8438
3855
9209
8126
933
7587
7957
1307
7751
7455
5165
8013
649
6841
7656
9808
8918
8595
8642
6099
8249
8500
7279
9258
2706
4453
6115
2460
8163
7566
674
6009
6479
5943
5690
1434
1237
4063
9076
1211
4228
4178
6958
663
3906
721
4164
6308
6323
1708
2469
8177
5559
2749
2728
2843
3356
4344
81
1815
9430
4395
2114
2128
2165
9960
7613
1049
2108
156
3574
9240
8867
1788
7783
3517
6194
5744
5804
3885
7999
3756
2219
9188
2386
4085
6260
7325
8898
8335
1950
829
5710
3315
1310
4606
1163
3718
479
332
1703
9660
9185
4693
9120
337
5970
1517
5799
443
6657
1530
7358
2351
3094
9457
7588
5896
506
7926
9345
2657
2517
5470
3153
783
1241
6950
2364
4484
1082
4137
9524
3352
6607
7155
7314
5032
9995
2302
7334
4267
3268
3000
6680
5867
9636
2044
3170
4213
4292
5240
6665
3014
9308
5352
2032
5220
1592
2165
456
1586
3140
6319
9633
6458
4631
205
8968
4011
2268
7230
6012
4673
5770
2573
4584
977
5277
8940
7398
9735
3907
4211
4748
8278
1842
6358
8214
6707
635
1255
3812
1146
5612
6449
901
5618
8035
2256
6825
6627
1165
9411
8733
3836
7468
2207
1862
7376
9169
2323
5447
1120
3819
9164
2788
8542
4037
7778
7300
9486
7174
8335
4129
8631
4861
7861
4820
9678
166
6761
2120
4463
4460
9334
4873
9135
9468
6987
6229
5350
8213
6331
68
4281
6506
2422
4244
6613
1211
3230
8719
7033
9269
1198
7838
5171
1324
211
1141
1400
880
7176
4105
5543
215
4394
9117
8654
3649
1702
4758
7923
6762
1657
2983
3236
9284
2007
5133
4275
9638
9945
6754
8559
6742
7876
3541
4167
9738
4651
5788
513
9256
3130
4961
397
3356
4010
4500
944
6700
2979
1300
4238
4859
5995
6308
145
2571
6682
9172
1215
3042
8268
9922
7048
4677
7930
4305
778
1954
6147
8726
6374
3021
4004
2303
2041
6474
9740
8106
9497
5821
6705
3953
6163
765
4189
9415
3083
9195
2954
270
4672
3295
4509
7309
4440
2667
9543
8449
1153
7528
8850
7511
9112
3610
121
266
4895
8327
6473
5404
8026
3278
4679
5392
9930
2059
5993
1742
7186
4701
1317
2469
2969
3807
6817
4848
5086
908
6100
6875
7234
2558
1206
7052
242
7924
281
3543
5381
4771
5548
68
5854
7157
3604
8934
1144
3546
5251
5249
2002
6272
6074
7590
1342
1420
3406
6675
1328
831
736
7987
6271
4064
8394
6319
7080
4568
2368
1014
4244
6376
6315
7853
7328
3723
8937
323
4437
7265
5856
3521
3097
6858
2016
9569
6820
6825
2451
7948
3204
9168
9509
7512
2454
129
5303
7666
9378
3442
1929
7478
6973
9606
1764
8158
7587
8953
4123
3727
329
6688
8372
8901
351
5445
5646
6248
6247
5206
1728
4572
1001
6452
1797
3598
387
6096
7973
7475
770
761
5984
8718
964
324
1484
4786
5267
3125
217
8971
8295
3911
9286
6471
7434
2603
4454
2524
9999
7995
9139
3137
4032
8881
3276
545
6095
170
7541
7262
471
7316
8017
9612
1907
3949
7592
903
7362
1897
601
8429
4729
1784
4979
8702
4243
5686
2956
916
6507
6143
9221
6078
8427
6580
414
692
1200
5994
7461
2265
1175
6982
5274
3312
9677
1813
1943
9268
1440
3385
7338
5784
9940
5618
7877
8543
377
1045
6697
5694
1748
3381
8566
3474
5319
5893
6592
4308
991
9380
9580
865
360
1229
7892
8154
3583
3884
601
8544
4895
6744
7745
77
9783
9712
4862
4153
1161
9483
1929
2643
6362
1275
2708
1738
2169
5611
3009
2046
123
6982
421
5240
2210
8362
3445
3353
698
9255
8154
2648
6475
7987
5247
3357
7375
1035
8457
9955
2721
1848
2664
5566
6124
9298
4081
7213
1746
5613
9147
7576
4553
4516
1721
6037
5996
4039
2171
7767
7310
5709
8421
4269
4617
5855
5346
430
4392
1639
5322
3014
674
8232
2026
8521
8263
9667
1288
4530
2836
107
5252
3864
9208
6469
9869
7211
4174
9907
5913
4588
4368
5373
2530
4245
9355
9117
9134
7757
484
8783
3602
8748
6175
3915
1536
2563
6573
1137
9582
7821
2902
8187
5700
3603
6262
6370
1349
6086
5791
4839
1560
934
9613
9018
7199
6571
9457
9321
5685
5261
8080
6276
7353
2518
1158
8936
4892
5939
3305
2911
8593
4459
1636
4928
5760
3770
7927
2759
9827
4587
2154
9865
4025
8976
3459
3632
5127
6334
4316
3309
6883
3811
5690
5504
2856
4024
1309
9903
1979
746
8287
1506
3084
8434
1349
6653
9025
4466
9157
6275
8620
71
3612
2365
6191
9681
6666
8656
5569
9212
3844
7943
6941
2572
3409
3085
9127
7280
6723
2010
2845
6498
3637
2350
4706
4283
7330
6994
1763
8008
3425
2031
1999
5289
9453
8269
819
4706
8761
5794
2019
2424
9855
3644
3511
423
7360
2238
4648
7060
2108
5803
8289
4659
2740
9920
4588
5497
4729
2621
450
3660
6657
6097
1731
2032
322
8466
1551
8715
6632
6126
8358
7389
5810
2060
3470
4608
5604
7879
6847
4084
1307
1840
1482
2957
991
6693
1321
4608
7949
8752
3001
9888
932
6091
2614
409
2214
2255
4312
1197
101
2237
3912
8763
8436
8779
6801
5772
1982
8391
5346
2529
2373
1892
2441
7743
3255
8418
9966
6113
5079
1578
1070
7508
7101
6346
1548
7091
2111
80
3230
5701
3062
2344
1225
2198
4858
1890
4759
9545
337
9517
370
962
6253
4911
7133
4005
6317
5639
2696
4605
5547
1723
1569
263
3991
862
4551
3518
7808
7595
3472
3962
7608
5841
2158
5625
9678
4631
7289
5374
670
6786
569
8353
2514
8147
230
1695
6457
3341
1361
1044
5648
2573
7995
2249
3244
6745
6619
9010
447
6504
7080
2741
4740
3899
6215
9280
4177
7162
2757
8325
9403
7258
5605
664
1554
7010
1202
448
6060
2589
7344
6793
2372
4828
8868
5011
1127
8304
3836
172
7211
1330
3044
1523
2729
7582
1450
3484
4726
2561
2781
459
4292
8881
3893
9861
7228
571
8190
7356
5179
9413
6890
487
1331
4092
9396
1976
4650
7026
2632
2606
4438
4647
4549
5729
8573
9481
5413
2706
3748
5217
4037
6331
7686
787
2218
3920
4729
1466
5353
4290
2863
9604
3590
339
2244
2289
8635
1789
4036
3280
3736
1832
3150
2353
7293
682
8098
6938
6426
3391
9347
1941
107
4566
3809
4070
7221
2438
3126
4460
1898
7544
5606
1241
5667
4153
6727
9770
1808
439
3793
6658
4496
9739
3624
6804
1612
5453
5396
2948
168
4729
3347
1231
7369
4349
1495
9465
5914
2080
2358
2697
5922
6305
6801
9379
6038
6103
110
4182
8542
3541
6308
3130
2243
5300
2003
9760
8012
5202
8270
3173
9227
2971
6821
882
6438
9792
1483
9923
5234
8235
5207
2228
5865
9006
8714
5218
1348
4470
3172
6100
866
9931
3192
1705
5173
6328
9620
4754
5249
2649
8892
1382
5850
9448
7015
9075
4733
8340
7162
7607
3997
4707
1297
3451
3790
8963
4442
1591
5626
4675
3556
5590
6768
632
3329
256
1340
7196
8013
3041
2003
5757
8271
5855
9111
3305
8687
3443
9578
8744
2715
1550
3525
9993
7754
2878
6238
9765
7441
9322
8242
3007
8502
9342
5119
598
7242
7245
8445
9547
6471
8436
6554
8738
4566
8750
7384
9408
8474
9971
6450
7295
4584
505
3102
148
3788
4831
5916
303
3900
5682
9477
7953
8485
4484
7120
5731
1247
7748
5988
896
4897
6698
6826
2161
4183
5755
2919
7935
4349
3035
9396
9161
825
9468
977
3100
8825
977
5515
8363
1046
9061
4520
9661
4901
8246
9777
7277
1606
4847
8161
2295
2152
2015
539
408
9552
4681
5743
5678
3946
4301
4601
5399
2853
4496
4598
6833
5102
3353
5882
4898
6016
3276
9795
8934
9711
298
8643
6814
5849
5774
6998
4414
6073
6343
4947
4394
7617
2460
1113
222
6800
3681
9566
4516
1363
4231
791
2641
206
6303
9039
7825
4318
302
4826
211
4502
625
6730
8722
1821
4324
9029
7102
7211
8873
2289
800
9400
1762
6651
3476
5477
8927
9368
4881
4658
2471
2456
603
9648
1993
2219
1843
5862
5383
2883
6532
6797
3941
5104
5409
8834
7970
1642
4361
4409
7179
7508
9054
6702
3045
934
6904
5552
6757
1840
6763
6743
7070
3400
5728
2343
1805
7804
4772
8953
2027
8839
3533
4655
8254
2843
8659
9060
9212
5725
595
9385
328
5839
8785
8221
7909
5656
6934
3245
1399
2179
5411
8418
8667
4626
7196
7611
1792
8524
3803
2340
1864
7968
4145
8814
9898
3400
6531
6382
4580
5488
2339
8260
5544
7969
6666
9375
2541
2837
679
5545
2543
4245
204
4119
2660
4693
5736
3602
377
6188
3638
3804
6750
1786
5628
7042
9601
6760
6494
2320
3824
2874
9839
4132
8969
7700
3021
9791
1045
4536
5757
6193
9968
5567
3282
1699
59
7792
4647
3146
4308
4797
143
7379
1736
2458
3246
4141
7281
2471
7406
6410
2296
690
4743
6580
7596
4208
6159
8305
7150
6451
1066
7205
2281
3008
3090
7757
4444
5023
9255
8084
266
4046
2400
7213
8437
1574
3495
6875
8697
5408
8829
4881
3428
1609
2369
98
1674
7970
980
5705
2687
2910
5813
5458
1293
2450
636
8441
2783
1491
8021
5728
5211
8112
3399
4605
3597
9628
5040
8259
4285
6863
8602
942
8507
5043
3659
1139
3408
599
9265
7920
798
4354
1974
4515
1773
8173
3852
6057
8376
5623
2570
2197
2093
7026
2359
6696
2687
6082
1878
5204
9115
7246
4287
6334
5890
8484
6990
3099
734
7170
1970
6469
1362
5909
7008
9080
7104
7153
2932
1915
2321
3404
949
8702
478
8338
4387
598
8008
214
6669
7299
147
5651
6960
4110
8021
5629
2245
3312
3983
6627
6644
9007
1035
3364
8366
9688
1268
8911
5562
9044
9469
9804
887
6862
9012
1168
6737
613
4063
9813
9344
5189
2447
2050
7870
9516
877
8569
7391
6662
3473
4798
9236
2847
2111
8721
7056
9468
1084
3212
9861
2738
224
3993
8832
4829
514
5420
5730
5478
1167
6084
2238
9524
7592
2899
7249
3209
5737
4880
3076
9236
1439
60
5763
4002
7553
2406
9987
6793
4185
478
7444
8686
3363
905
7443
2831
8118
4021
6424
8031
4257
3938
1865
325
3033
5718
5490
9570
6920
7880
6797
196
6563
3134
8200
9422
6830
7850
9050
375
5327
910
6811
8924
505
1364
7747
7028
7677
562
309
7366
8911
8222
3751
7058
3630
8004
7730
1631
6376
8557
8610
200
9145
1753
7458
1405
6227
7859
7480
8234
3047
9575
5798
2975
792
599
7685
7543
7749
1731
2243
6749
2106
5397
9652
5139
2797
690
9323
4549
8440
3084
5526
7036
2148
211
8389
2048
3046
4719
924
4204
2173
1820
9704
1524
2488
3354
1675
906
2323
3937
884
2012
5861
8449
6693
2692
1105
3163
9899
9012
1066
3630
3169
160
8977
5881
3792
2802
2696
1655
3670
8521
9927
7243
5676
1630
1912
6060
2753
7235
9858
3310
629
1350
1064
8668
383
6231
3153
6390
5173
872
6277
675
2126
8063
4976
8148
8624
151
275
7750
6287
9254
5199
1753
7557
9832
7794
3565
9010
3898
1155
9078
8033
9719
9541
2888
5279
2210
9401
9135
2491
1737
4960
8285
2925
7114
1016
3465
5160
2808
2070
7956
9811
2212
5359
1475
4094
7874
1137
406
1887
3246
8313
6227
2187
6021
2734
9084
6593
1741
5274
3777
5912
4112
3873
9728
645
3758
5999
4745
7849
4924
8490
7593
7444
4137
766
5599
2407
2277
1806
4037
3331
7701
1859
2104
9771
5422
825
3384
7403
7601
7838
8871
1941
8403
7951
4767
679
7681
4154
968
6853
1104
7652
2950
8912
3216
6409
5006
4752
8860
4901
9741
1430
1064
2052
433
3198
6273
9393
5784
7980
2246
6915
2776
2976
3482
2801
3863
4090
8609
3604
5729
1154
1919
5177
9555
9738
3410
1637
4719
4067
1903
5852
2637
8605
8515
283
2764
9767
9196
627
5796
958
7118
8983
2911
5183
281
4464
2684
7884
3998
4282
6643
9445
2307
203
2120
1689
4943
1066
4865
7207
4325
9422
194
2544
3495
9217
2153
9717
4859
908
4463
6475
4003
2948
4794
5071
7473
6196
1627
9022
7643
2351
5996
6330
5203
2420
3177
4030
8378
9061
9598
2381
128
7658
2774
3303
5809
5755
2568
479
9676
4014
768
9347
1858
5251
3208
5945
5462
857
5100
9603
2616
778
4033
3119
9174
9062
690
162
146
8762
2375
310
5316
9642
1746
4431
8554
9226
6911
5889
2217
4439
4521
4986
5857
1713
3762
8045
8858
961
1440
3424
5309
9968
2441
9859
6063
2159
4250
3752
1729
3621
571
5690
758
426
3059
8738
5792
5130
309
9121
1884
8531
7752
6589
8736
5146
8997
7925
1653
9231
2048
3633
2600
6747
4638
2646
3034
6298
5830
1015
4887
1500
9311
4577
1952
9815
9429
1854
2650
1024
830
8408
6841
8387
5229
3204
7613
1443
7415
4270
3664
2187
3478
2002
2492
5141
376
6751
5430
8731
7816
58
106
6313
217
1149
7235
2923
2676
9422
9185
8015
4348
5254
5944
1930
1976
5027
5739
4612
8476
4660
9595
9652
4130
8549
8266
6190
8071
7916
567
4070
6598
2718
8506
2301
5069
4449
2628
8214
1154
7182
3168
641
6432
5491
7138
3879
471
1176
8424
701
2286
6599
9718
1231
9230
5586
9767
9206
4446
1714
8131
895
7960
3888
7595
6635
6220
2416
2604
4758
1066
4093
5509
5884
4876
4938
4683
9344
5523
3624
1360
2581
8460
418
1943
854
1983
7682
1433
8631
7592
4865
9314
5179
1225
4789
708
8661
6202
2190
3504
1935
1246
7438
8246
8041
5144
7019
6496
4265
4147
9490
6273
7204
6112
5528
3843
460
2696
3563
7232
5584
3123
5917
6589
112
4477
926
4868
5742
8602
1716
7902
5116
3003
1470
3091
2057
9639
3279
2175
8860
5979
3785
264
1697
8003
9464
9808
3890
1927
8121
2980
2903
7361
3724
7896
6076
3220
2252
4900
1228
6242
6726
6618
2491
7655
6922
4441
2545
9231
1982
2769
979
1610
6499
881
5983
7031
4575
1406
310
6929
2310
4613
3077
5264
201
9577
1330
4443
7940
4248
9336
7224
203
138
6223
9567
6289
5603
2745
2008
1134
7711
7191
6900
222
8101
5443
3837
8285
4252
6948
1165
5810
1964
1754
7889
3378
3114
1774
8380
7884
7365
336
4274
1293
477
5440
6204
8002
3330
308
8499
3309
1317
7945
6342
8920
1626
1014
6075
9084
4365
6767
8308
1944
7441
4871
6400
5717
2790
767
6292
3627
848
7078
1648
2824
8630
5656
734
3365
5319
9363
6283
5188
5194
8161
1029
7224
9511
6723
9693
3522
3460
8360
8312
4897
4950
7223
2929
7617
1979
377
8936
8010
2250
4381
5192
7386
3004
2476
2286
2728
7861
2889
2515
6949
2304
2920
4281
6118
2237
390
3850
1329
3554
2309
3608
1151
4575
4500
8147
466
7531
3165
5130
4969
3355
2485
2270
6531
7319
3274
1629
1523
2395
6086
6133
4104
6972
8783
4892
429
1971
9068
8202
6795
3414
2321
2744
1454
474
9936
4122
2946
9343
9782
7850
7463
1078
2109
4607
6358
3416
1304
3734
70
8932
1385
2543
9034
4617
5045
5802
9662
1479
3398
6993
4766
2240
8184
3028
6947
1099
9237
1513
9660
926
1031
794
1630
155
9942
5849
3110
4179
9446
5934
7618
5265
2186
8392
340
2055
2826
6850
3256
266
2821
8531
6082
517
4650
1664
342
5909
2793
2198
9404
3069
781
3531
819
2784
3071
5820
3313
2500
7475
2347
8008
4447
9396
6290
2339
136
3570
7662
7013
3272
3927
1937
4864
6739
6612
6349
3203
620
7929
1195
853
5118
3325
8644
3227
4829
1072
5734
5760
5128
6086
4317
6444
8570
5982
8629
1249
6145
7855
9978
6423
3248
3011
8564
234
6591
1927
9591
5257
6579
8454
5675
9307
5077
3589
7542
729
9542
614
8790
9105
6426
1493
2401
6957
7136
3341
967
6268
9111
4900
5598
308
6244
3652
5617
9038
1455
9937
1336
4294
4880
709
6071
736
4049
6713
394
4702
1458
6418
4465
1405
6507
51
9872
2808
2855
6227
1297
7430
9671
8144
3305
3313
4491
6742
7309
7646
734
1851
7668
7522
7975
8577
3280
9070
1141
4888
7316
9669
2819
52
9255
9317
8123
6435
3796
7895
307
7408
743
6443
7396
4922
5201
7179
8753
7132
4052
6008
9022
8117
1842
7392
7025
6843
5452
3125
4377
7905
7830
3651
1470
7765
5169
1814
7875
5892
8066
716
5124
449
8322
5381
5304
951
1011
126
5441
7169
1428
3477
4020
4494
493
3737
1496
1917
1105
4977
7655
8018
4790
8691
5100
5532
5922
9163
4779
9558
5269
2037
1906
7045
3828
2764
965
2185
9948
6772
1942
2167
2286
1175
9790
4169
9124
4029
6174
7466
7651
2860
7381
8606
4733
5869
7119
7824
4480
486
1367
8589
1401
9979
6827
4320
214
9269
6530
3335
9739
7965
6824
8233
5769
6731
240
301
6920
7211
3564
4971
170
4319
8768
9014
740
8909
9986
9139
6805
9948
475
3634
1233
5583
6602
1737
8331
2024
7122
8700
3362
5794
5871
2829
3418
9780
8983
8931
9434
2800
4572
9641
7900
8260
8698
2371
7711
4677
7819
521
7708
4932
9930
7536
6770
170
461
6792
1302
2108
6989
1796
7244
4753
1777
5349
2276
3400
9415
6663
4507
6706
5213
2320
7028
7345
789
6362
261
2130
4446
8482
6834
409
3251
3688
9563
7101
4088
9731
5753
1159
9843
6925
667
8548
214
9819
6947
4463
295
9046
5184
155
6480
7772
3869
9870
7532
3536
399
5742
1482
2832
7920
5774
6449
7138
2159
1184
9419
2480
2228
9485
3235
1956
8997
1845
8587
1745
2546
8835
4167
4351
5049
9008
2417
3296
4039
5617
2378
614
1959
5939
8679
4831
3680
2174
3710
3510
9022
2317
730
8095
5556
2882
9517
4889
5491
4453
3146
3822
6962
6742
8585
2519
8487
909
9177
6997
1158
7430
3657
4290
2666
3735
7325
1977
9129
1369
807
9105
3754
6117
2073
2767
2638
9646
269
273
7159
8748
7522
9494
691
3481
7271
1254
7499
97
6419
90
1249
4384
9850
1700
904
4258
5487
3342
7478
2463
8746
5422
2628
4714
8447
7013
1293
2860
7578
3306
8340
7947
5565
5392
1123
992
2435
9638
2325
6201
2778
1710
2514
7041
8238
5973
5990
9239
9276
3103
8434
6823
8535
3777
8817
9298
4599
6401
5367
2693
4447
8536
9202
7055
9634
2771
7139
9807
5735
9282
115
4330
5726
5418
8567
8986
3549
2140
5669
3263
4665
8634
5784
7986
9831
184
5366
4056
9185
5782
1146
7448
4292
8069
2433
9042
5937
1928
3858
5006
5243
2814
3581
9716
9023
5804
7735
3883
5057
8394
3547
5230
5023
2836
5474
3994
4365
3358
7620
8521
6630
5130
8118
769
1499
869
889
5230
9037
3399
9723
3319
4923
231
9373
3442
4108
3185
3130
5309
856
2179
9363
9413
4511
1249
6721
6650
6530
1172
2053
4237
4517
8630
6934
7057
7161
6653
7320
3394
1764
9888
3400
4247
4000
9002
9473
7789
5464
8776
9381
2849
8072
8496
8339
2124
5257
355
5783
3657
6365
329
2146
8179
3747
5929
6752
9285
8678
5247
6135
1344
4189
9445
4138
9766
9648
9580
6401
4569
1616
7104
8831
9107
2276
4801
184
7170
5894
7832
6326
8129
9651
7819
8876
7648
6694
3399
9622
9693
737
5022
3615
1260
2715
4121
4637
9341
3319
186
7020
159
7185
3366
1835
5793
9858
9786
9178
8566
2124
8518
5811
9683
6246
6104
8973
8687
6854
1749
8994
1746
8512
444
5326
4082
6883
1674
4487
2842
8074
9809
1160
1570
1203
7799
9314
558
5027
3927
2167
8809
6534
8426
8342
8132
6974
5924
8683
8022
3574
6052
754
7305
8896
8285
2351
2351
5898
4966
4024
1079
5481
3930
3787
6464
628
5069
5969
7966
4692
7042
1616
6374
8315
5091
2654
850
4179
1656
7004
1426
2343
2183
9079
7842
6473
8838
6258
9761
9718
8469
369
3770
4494
6186
8175
6726
2310
6563
9596
6704
3767
7652
665
524
1163
8469
7153
7132
3313
5064
4843
6590
3651
8573
241
7586
1296
9629
5421
7204
984
7544
3703
2752
158
8069
4883
3297
6134
9789
3615
7600
1316
9592
9411
5174
9895
1140
1315
3281
7169
3341
3233
6088
8512
5311
663
4952
864
2016
2777
9205
3596
7023
3928
7294
6732
2089
6768
7756
7385
2285
4820
7160
8205
2279
9653
9677
1739
6057
6389
1678
5429
9929
1641
294
3704
7890
7421
9927
3572
5576
9054
7045
2074
1180
7712
572
4675
489
990
4992
9284
5653
8183
6854
8468
3525
188
5140
1150
7175
1343
7149
4693
9745
2855
5516
1247
4824
3941
3125
4291
7010
5327
5788
1300
844
6437
5810
3627
3865
9464
6013
5388
1173
8366
4401
9322
8420
9329
8227
8521
4211
6111
816
2826
178
1951
4519
4543
2147
287
7987
6401
6672
2162
6230
3697
5656
8702
623
4507
1506
674
1938
6341
8682
722
166
9162
3491
1152
4077
7137
8141
9033
7124
7992
4835
6397
