2069
8119
7829
7975
4165
8109
5439
1791
3708
3588
7759
5146
6305
438
3501
3741
3879
9806
6533
4440
5683
7207
853
5823
9670
3723
7202
3295
5876
7254
2289
9152
7333
2838
2659
4772
1509
8495
9809
8751
5786
8171
9787
5566
2660
2593
3952
5798
2279
5088
4466
6929
2615
2102
5704
723
1517
6162
9151
3029
2581
6333
8230
4499
2706
738
4915
1723
6038
9850
6323
1765
8759
9203
9493
4254
7209
8206
7005
715
8436
475
5107
1488
2782
2226
240
1221
8315
190
1348
4111
4542
4679
7329
2210
2592
695
2419
6025
4929
3979
5129
4665
8693
5348
2550
1443
2006
7789
7203
6013
5972
6773
2234
4530
1534
6270
9463
6222
965
1476
4790
3425
5418
6816
6978
5309
3757
3563
9065
333
8990
1245
5179
9035
2653
2256
8006
141
6442
9873
3862
6028
2319
461
7253
9463
5524
8234
2310
2293
7823
7050
5234
4639
962
4667
9763
9032
8293
9979
1394
4906
2273
7212
6026
1171
9592
2938
5641
526
1799
9367
3852
7699
9653
1851
1908
9306
2335
4875
7299
1448
9180
6538
1907
1150
3118
409
8184
6865
7823
4554
4810
6924
6882
2097
9673
8361
5786
1188
8546
7293
9346
191
8165
4743
5461
779
9361
3024
8340
9785
9497
9113
7439
7933
5693
9382
1554
3977
7722
9786
5600
3614
1064
1472
7917
1420
6403
8895
8520
5790
8582
7156
6383
7039
6205
4895
9925
6635
5405
5641
8817
9549
447
798
1374
5654
6682
6731
5553
8522
602
5218
5185
5050
6433
8557
9527
9606
3339
5209
5585
2818
6400
8024
5562
3402
6292
262
408
3117
8114
4541
1021
2934
5580
241
7187
2946
6873
9359
4857
1068
4579
4689
3766
7733
7194
170
7326
8522
4868
7728
9983
7352
5481
2272
2740
8475
4946
1668
3151
4180
2085
2753
9878
4284
5497
5832
214
2016
961
8647
9620
2424
6020
1645
3893
570
3320
6293
3190
3367
5166
8554
1127
9041
4071
5605
9108
3464
7517
5684
3986
7077
8696
7263
3595
9260
1177
9610
9553
4170
7797
2546
5486
1637
999
8091
6334
4570
3316
8366
4842
2154
806
6363
952
4768
7294
9308
1521
4074
5195
246
9132
2277
2437
1793
9106
2878
2331
9950
3350
9672
6705
8268
1564
9156
6332
8684
2360
9412
7412
2159
4600
9492
3289
100
6169
1090
8484
2027
6517
9369
8495
7216
623
3344
3086
8195
1224
1983
3752
810
7458
4600
3881
3316
9819
8128
4753
3899
4484
4865
2588
4229
5877
6538
8966
5875
9890
805
9093
7540
5432
4510
404
878
388
8505
8918
7372
710
488
4509
8904
109
1031
4744
3334
4260
964
1221
730
1532
3917
1676
5835
8551
1787
9378
3929
2059
2981
9363
5217
274
2487
9813
7097
6608
7402
5579
4329
412
5814
9039
9690
1311
6251
3753
7904
2049
5468
6987
3486
1800
8408
7003
6992
2604
915
8777
8457
9683
9299
1462
8350
3618
4709
188
6918
8046
8514
419
1989
4835
6671
9205
1706
648
1374
6802
8269
5741
3404
7615
6058
6725
5953
8836
6093
4128
4741
325
2184
9759
6429
5035
8236
534
9186
3548
5984
9236
6525
6268
8977
3826
2363
4877
2474
2985
5363
5042
2842
6246
198
8833
5334
1433
2872
5834
6374
7638
2448
5373
7812
493
7462
1444
8477
5544
9809
5066
6454
6828
2753
9336
8333
5366
1129
6546
1160
957
2044
4732
6182
1471
6187
6168
4012
7486
6984
7570
1561
7035
3847
3564
2728
9097
5629
2189
4929
1186
2247
4949
8098
1846
9400
4565
6266
9178
6818
8963
6259
8664
4240
3795
3918
7504
5036
8517
1395
3788
6093
8306
3667
6855
2908
2411
7779
1370
3755
3748
7574
1138
8759
8061
5322
9318
845
5878
2186
7047
3880
9987
9176
1702
7436
3990
7315
8592
9273
9509
218
9913
5616
509
4110
7377
1197
9144
4995
3097
7305
9187
841
5569
5226
1091
3051
9822
1701
1375
6162
4681
3216
9017
3358
3511
2704
2784
1997
5871
2695
1048
1271
2145
6937
57
5761
5718
1311
2735
9447
9907
5505
4297
7672
8573
2650
6003
5971
8617
4410
7813
2560
6174
5169
1726
5445
8812
6091
7200
5090
1988
9644
929
9414
8701
1427
9964
3164
5184
5189
7650
3585
880
3765
7301
9575
6917
388
9791
6251
3212
7035
1174
9251
6671
9990
5525
2178
7152
4848
1768
8465
5863
2758
7690
1421
157
7271
8828
1375
73
8079
6782
4861
4221
7366
1483
8063
943
1844
9528
8115
6817
386
498
8943
6267
6690
92
3655
5579
1647
2106
5405
7140
1421
7137
2885
8559
6015
521
2249
2231
8120
1916
1637
3493
5311
3252
354
4031
4231
7820
4336
2764
1824
587
1504
1471
3473
2375
1601
433
3037
6255
498
3638
3023
8175
2646
1741
6480
6839
822
3024
546
6995
2877
6478
7735
5933
9025
750
6709
9133
1751
7285
7172
2412
1608
8409
884
6722
3365
2223
3787
9550
9682
5107
6472
5860
1676
9218
2715
403
4306
7823
6723
5470
1587
2112
6682
5337
7235
9584
3992
5170
2872
9370
2741
9414
8908
9465
202
9342
2988
6270
6757
3807
8496
3718
7222
8502
6254
7936
8245
552
2336
1416
2846
6378
8916
9866
7438
8051
8703
6474
1469
3567
7539
8930
3506
8779
3606
2028
1082
3266
371
9873
9982
4662
8165
4575
3260
3191
5423
9131
4878
4737
2488
5574
9692
2458
2604
8010
2712
8262
2545
1667
862
5090
9686
5832
2199
2580
4146
5286
3351
1606
8964
5015
4300
398
2939
2813
4440
7667
9833
9803
2959
7627
8259
2390
5902
5120
3870
8068
4831
399
1194
2543
6959
3553
1751
8570
7952
6756
2836
7356
6018
4106
8187
9551
9100
1855
5297
6122
7167
3807
9366
4297
6537
3098
4784
6905
7231
2811
1423
2604
649
6997
8136
6389
6080
1393
2319
187
2048
3030
4855
4722
9183
3057
1373
9701
6865
2455
7920
6412
8675
7571
8373
626
2406
9258
4660
8717
3950
6190
3702
1712
6179
1245
3807
3686
7633
8273
8155
5912
5371
3967
7611
7062
8910
4876
5654
4939
2409
1045
4948
8561
2203
9309
7939
4996
6216
8836
8065
9968
7335
3255
3364
5727
6208
7718
5705
3097
4086
3308
5503
6108
6746
5210
6469
5049
505
9025
3912
1807
1002
1740
73
3276
9773
7315
5335
2585
6647
93
6133
9862
8041
8145
3809
3203
5484
1876
6637
5629
6687
3872
6304
7893
5139
1929
5257
4160
8041
491
6747
2333
7681
8220
5349
8466
9006
9939
2848
8413
9593
4837
6064
6930
5205
9982
7375
8570
8598
8921
4538
9747
7981
9292
1934
4463
3752
7984
7964
7008
9617
7290
509
1523
9806
7173
8978
6389
8957
2497
4933
7298
8963
9858
8394
6382
4585
331
7522
4393
2306
7713
255
7581
4704
4481
4943
4207
6860
5661
2783
2473
212
2471
5379
3804
256
8440
1649
7232
4975
9304
5299
1110
6493
4829
7034
7415
928
2571
3834
4395
7942
4374
6183
5620
6615
940
3675
1270
8714
1954
9827
8920
2291
5426
1241
1019
7906
1032
4229
7824
5340
6406
7399
8186
2518
2448
7060
2368
7770
7487
6854
1245
435
6344
7383
2341
122
3012
9045
6686
8711
4206
9329
8536
1414
3474
5188
9655
8371
7611
3935
6051
627
2391
713
811
5325
2867
7644
2219
3430
6820
5982
1132
531
6833
9937
8183
776
1803
9432
4280
3526
4048
5454
707
9871
4381
7601
9672
3821
1922
3785
2251
8795
8468
981
9149
6692
800
1579
761
645
948
8219
777
3395
4325
5411
6877
5825
9948
4583
7034
6134
3133
8212
8040
818
6768
3976
7604
5155
5613
6415
2954
256
3031
3115
5887
5733
4910
9210
7185
5446
6602
7806
7564
3211
3824
5844
8793
4329
4631
7374
8066
2216
7978
6534
679
1603
5609
5799
2949
8610
8909
147
1498
6844
3745
4726
1719
5030
7390
6464
9938
2952
5971
4920
3471
8346
4007
7086
7170
6611
5251
4801
5345
9090
6361
8638
3874
8501
2344
4162
4244
2243
2920
1097
5145
1252
1625
2718
700
9803
8761
9335
8597
2007
9064
3086
298
7614
2573
6573
548
9299
5821
3291
3828
4474
4986
8757
9264
5520
8946
9933
5019
7762
1751
4528
5734
8105
1429
707
491
9945
4577
550
2303
3482
8268
1304
1456
8930
5148
8718
4543
6873
4740
8344
5842
955
2863
1886
5657
7353
8787
1374
971
965
5957
2394
2306
5655
2021
1719
2510
6420
2453
9324
5030
4386
560
7961
8080
1361
6561
411
1921
2737
1249
3132
267
8586
352
9728
178
613
7354
4155
2892
2746
8458
7590
8662
7262
4593
3908
1847
4048
7363
5762
1803
1813
6372
4690
5659
5855
9264
5743
9201
1435
3233
879
680
7477
3199
8500
8324
2595
2198
2025
5145
8387
8473
8764
8704
1177
9640
9056
1811
6697
7794
2015
429
7144
1212
6482
8221
2998
5530
5323
5482
2896
6129
9564
2714
4165
8357
9747
7231
6071
3505
5290
5041
5309
1770
9334
6984
7201
5253
7309
1420
2630
7970
4704
5114
8462
6104
3132
797
8700
3944
6287
6092
7066
4035
617
7462
9557
6945
7662
6503
5036
4570
7878
1472
1281
1415
8314
7382
6613
7561
4155
1121
1475
818
4806
2760
3882
7170
181
9769
7243
9793
616
8338
8788
1664
2932
1732
7855
5407
6129
6076
229
5546
8363
5722
3150
9697
1252
7423
5828
6675
259
1133
5054
6396
7196
6382
9404
1391
551
9408
6653
5658
9248
6820
8870
2183
2180
4693
9112
3791
4993
4261
5506
4334
3878
5412
1490
9005
8579
8539
2554
2754
1357
1742
9687
8387
6760
6300
351
6400
2074
1376
2685
3622
8862
7253
6603
6323
7243
2230
5903
1544
9366
8109
8271
327
8661
9703
2890
477
2891
6803
6664
3338
553
5966
7983
8506
206
1311
7841
1591
8187
2788
9102
835
5931
1722
7760
1661
5967
573
5502
2659
1848
7927
8615
1207
6223
6240
6017
6008
4995
5431
6012
1360
7840
9175
5766
7165
5563
5252
5531
9191
6237
3564
6698
5048
3361
3732
8104
369
4082
4846
2366
4210
6177
3721
5243
6274
299
7925
4440
2640
7155
2487
4256
4236
6692
395
2167
8561
6544
4713
4554
6731
4218
2199
2946
2092
1298
9829
3605
2461
5776
2062
7338
9580
572
809
6986
3871
6967
9180
5924
917
2087
6230
8515
6434
9841
9417
655
2650
8465
4956
8806
1670
7301
5395
4281
5865
2842
4102
2374
1296
6297
3943
221
4963
6958
1261
9319
232
2132
8484
8837
3010
3967
6639
2689
9873
552
8126
2197
2375
4511
1319
7323
1785
797
2842
5060
6506
9917
3616
455
4976
3616
9624
6527
6398
8745
4528
1533
8411
5668
5288
3946
7570
4456
1553
9140
2917
9972
5406
6635
3612
7395
5945
4125
7132
5526
667
4218
7279
3421
5486
3410
6202
9835
3292
1343
1976
711
3256
3562
7640
2355
9100
5572
3483
1551
8428
2722
1007
9665
465
6170
943
6549
5698
8666
1361
3460
9623
8677
6324
5208
9921
5549
7592
6667
5015
151
6436
2730
5752
7320
5667
3344
3815
5465
135
8686
7622
7021
3252
5647
8572
3469
8206
2379
207
4816
3537
5239
5768
9241
895
6847
3261
4819
9830
353
9289
4977
2888
1178
7986
7584
5747
316
8183
8715
8674
8961
7441
9434
4156
6499
3540
740
1979
3729
6134
9422
2517
3832
6479
2053
1882
5179
1237
8916
7693
7764
4912
9432
7773
4436
3076
6085
9431
1311
8976
5684
2560
1944
7733
567
8351
8171
7609
9906
6144
1915
367
1395
7665
8667
945
2524
5124
1464
9846
9449
5297
5022
1049
5729
4423
3116
4428
2883
6773
1661
5700
7640
739
9041
1192
3554
4208
8401
4699
2584
6589
1114
4597
8605
8656
6803
1396
3463
232
1594
4066
5626
7669
8961
9752
1598
9445
8599
368
1816
7649
4405
6516
4066
8890
7022
337
4571
3224
1563
1189
8860
7990
3795
6723
6077
4203
5385
5079
2800
9710
2908
5476
8845
4126
336
434
6010
4984
7383
3451
5126
6780
5851
9625
7407
7182
3893
9499
3661
1751
4223
7962
4413
7969
8543
317
335
7039
8591
9205
3429
7656
8922
2095
9028
2767
8659
8060
8963
3453
7326
4356
3674
8552
2810
5594
6950
6157
2687
4190
7811
4839
7945
7285
5410
6481
5104
850
3056
7452
8368
3053
9152
5370
519
6684
4726
6200
3530
9258
9529
3347
5876
3153
9873
4571
8073
8085
6556
8307
5236
5524
4435
8154
7881
7677
5042
4960
8992
5555
4530
8325
9018
8885
8859
6016
5298
5613
8543
8003
9071
5482
7893
8505
4467
8722
6343
9173
4341
83
369
4333
1423
1827
1984
7408
4374
6599
2743
2242
9359
7533
7995
8757
6435
7316
3284
2737
911
2116
1069
1840
8134
6243
3875
1590
4437
3149
9254
3097
1936
9986
3839
9932
5296
934
7814
8957
8683
4392
5239
2865
9864
4412
285
7883
4459
4885
9985
6982
8173
83
3369
829
3191
5213
3612
4075
5971
4668
422
5860
5709
2568
9233
5797
3690
3070
3083
4952
379
5506
7116
2988
4089
6390
4092
3318
1317
9049
6863
8505
413
7644
2174
1625
9106
3561
2700
7605
1879
6512
1242
7620
1028
6600
7319
5530
8480
6646
4400
3591
1154
416
1226
9714
6570
1136
182
4066
4560
4430
2954
8507
2906
9491
6529
6018
3975
2060
1041
566
2448
7092
6835
799
4247
3508
3441
1461
2885
912
3686
8409
3189
730
4956
2503
1816
6721
5965
3671
3206
2827
6162
7389
8016
6245
6491
727
6032
5776
1857
3383
2873
7862
6714
430
7040
6036
6646
1598
7464
7912
9533
504
1129
8264
3713
3959
7128
990
5049
6329
2165
2529
6328
924
2195
1722
9918
2622
7106
8740
2795
3954
7567
8275
1194
4590
5665
2404
4117
6850
5872
9348
1695
3110
4363
239
3770
5295
7685
1000
8550
9612
5608
702
5131
245
6022
2253
7802
1230
4828
3761
5431
3381
2002
5115
997
8247
7711
2031
859
1098
2293
5799
5173
628
3977
8239
1227
573
2237
6648
8569
4256
5516
2939
4261
755
4631
1908
2487
421
3707
6327
7532
5951
2774
6924
6082
1575
7499
3111
5600
2525
7116
5629
3397
6204
9785
8230
4450
7538
5778
6576
2309
1093
9597
2764
1635
6884
479
1644
887
625
9739
6354
2187
9708
6218
6649
7293
888
777
4777
2851
7535
7723
6140
7999
7974
3619
747
7769
5842
2884
4430
5821
3956
8703
252
7437
4786
1539
2598
3015
1295
5858
3440
369
4754
3527
3535
8359
8465
871
910
2838
7459
3062
7732
6079
3752
1792
1904
4065
3106
7768
802
5340
3668
8048
777
9077
8050
1245
5020
7157
5854
3927
9936
9932
3871
2959
7550
8524
6039
9522
7358
9784
3626
6108
8561
9142
7355
9705
6066
3865
598
6376
3397
5560
6199
4642
4605
8841
1264
8990
8704
4254
5621
798
3670
8612
6986
7511
1468
7408
2899
9683
4567
2760
6722
455
6403
4148
9767
5670
3988
5616
8364
3061
7451
3293
2856
3894
6111
5333
9295
7458
6227
3623
2879
3543
7047
3604
1348
9676
2701
2021
7565
7361
2328
1953
5649
3117
4741
4715
2964
3162
1479
9971
8592
3609
4425
6158
6896
5767
2646
902
7653
5068
1104
9759
5206
5596
3310
7937
4609
7702
8074
612
890
4353
9161
6617
8704
5684
1608
498
739
1823
1907
9361
1226
7477
4839
6058
4451
3392
5686
4186
2979
3441
7512
9403
6989
2253
5313
3783
3541
9895
4918
3459
8206
74
7823
8599
3575
9691
632
2124
595
1738
2622
6966
876
7113
1835
9882
178
5647
6794
4106
5695
506
2994
7474
5791
9081
2811
3476
9404
7018
6569
3066
4655
3633
6041
2186
9656
5103
9901
6057
8969
8242
9679
2692
4893
6970
929
9467
8573
5637
5148
3770
1862
2852
1954
979
4425
9718
9162
223
669
9578
9495
5433
320
9033
4956
6782
4342
3675
4884
9019
2408
7753
5757
9752
3933
4006
7425
5763
2249
8552
2196
3881
7180
9857
6686
6853
4241
8828
8405
8888
7445
2842
4781
3031
6412
8014
8721
8524
1898
3346
7951
4742
5390
8012
4356
7210
8066
6847
2110
4546
425
6195
3838
1967
9675
7932
6671
6807
9970
2694
6698
412
3753
867
5076
8530
8832
8766
2731
2834
503
3755
641
2289
9843
9246
4095
2655
7661
8886
2157
9161
9738
2988
1694
4353
4338
2647
600
2349
1350
4930
3365
3670
8576
8963
3334
8555
5524
723
5501
2778
8635
6717
888
716
2867
240
6959
5035
4074
5189
4913
8703
6091
5399
4904
8101
3755
1428
1782
3112
4847
7138
511
9342
7321
1709
6162
7152
3118
424
6188
3420
9454
3165
2234
1679
2253
3066
3861
9137
1768
9875
2370
2013
9533
7895
3035
9623
2506
2374
2132
7781
3077
856
597
7415
7042
8182
3303
5611
2028
9601
752
803
593
3670
6789
6841
6727
92
312
5485
8413
5471
8591
6773
9211
8440
6713
6655
1743
5233
4682
5699
6159
5902
5063
435
6209
9453
7690
6721
1552
4889
9186
2356
3479
2790
8589
728
2791
373
5905
9134
3847
8483
5092
2072
6162
5461
8581
4126
3667
5530
7942
9428
1363
4040
2615
2748
4205
2949
6722
2037
6878
175
5690
5488
898
4972
4317
4080
7772
9622
2412
9188
446
612
3832
7915
9622
9869
1234
6223
6737
2810
6807
3837
1226
5741
5166
3931
8687
6577
3627
7306
3854
9115
8255
6297
1270
190
647
1467
8134
8237
8597
5488
4959
4979
8941
6202
3759
987
6047
6933
5466
3315
7867
7394
6374
288
1918
6314
7778
6338
351
3180
9696
7970
2601
1693
6325
6529
6727
840
3538
961
2752
3226
4281
1913
2032
3945
5200
123
659
4514
9040
4109
6202
1263
3127
3431
965
1819
1035
2785
5135
4876
1677
6786
5307
1768
6493
6388
5104
1335
344
8523
8782
8744
2894
5609
7102
2707
4086
1517
9683
3364
4691
5963
1131
3601
697
6356
1454
7540
5059
488
8382
1187
1599
5345
1519
4380
744
6951
169
2176
3742
6989
7826
3265
2519
8286
4403
9317
1196
389
5486
1213
7198
5470
5382
4185
3091
5964
8218
8022
2879
4003
2747
7240
6060
5004
1608
1075
3166
1079
1014
8402
184
5394
5908
5267
7507
1939
2551
8944
1689
9216
2902
4517
6299
3142
3550
5811
4480
7669
8092
7459
2521
6458
5816
5915
5372
5313
4989
9677
2817
6789
7168
8587
9301
4037
5629
9536
1627
2953
2349
9504
5312
3974
8465
6453
1829
1358
5347
3241
3673
8205
89
9215
7661
4046
277
2636
2143
4405
9383
1561
9771
9800
1400
2707
7753
6029
2192
5407
8903
1230
6142
993
1275
6664
282
985
1569
4465
2245
3195
6319
6850
6485
4009
2676
5299
1903
1272
9210
4401
8860
1280
7630
815
5626
6883
5258
2507
4705
4502
4944
8502
9248
4178
7503
5699
2146
8368
3869
6650
6182
290
9460
3322
5559
8778
7311
1589
6263
3743
2971
8618
7701
4988
9732
3827
8119
6136
869
282
264
6020
5663
8371
915
4478
5565
2910
9457
3140
4670
2822
8430
4863
6120
4167
937
3829
602
6663
1912
2045
2125
1596
1178
7349
3546
8045
8986
1867
547
8324
2428
9989
5535
3122
2395
1228
1804
5200
267
5230
3723
2553
6914
384
701
5743
5686
9037
5998
3735
7982
7291
1864
3404
5211
2688
8980
544
994
8886
1131
6190
5564
6567
3844
4288
5122
5645
8710
1428
9021
3619
129
1053
1437
6574
2067
2736
3495
6103
9545
5619
2338
2971
3048
2553
9812
6449
2862
3760
5720
2960
5946
7003
6744
868
4114
4397
2720
3508
6164
6545
6816
9379
9651
1691
6495
5623
9971
5612
4676
6987
4258
813
763
2060
3283
5708
7047
462
4211
3556
9580
4119
8871
7260
8726
8401
6983
4535
573
7902
3767
802
2052
6108
4378
5688
4308
6922
771
8196
458
3685
5136
957
6448
4257
4490
9758
3035
9674
1947
3735
7869
5619
3530
412
5466
333
844
3748
7732
1296
215
2164
833
352
2895
4726
2265
3827
7372
5852
2108
4617
9941
1556
768
2075
4068
181
2227
9463
955
9226
1816
1028
3009
7002
9930
8609
8667
9921
1665
9699
1267
3841
1783
3924
9319
8633
6230
1625
1034
5123
2090
1263
7303
3003
7554
2001
1414
9620
7858
9413
6804
9386
8796
792
8174
5378
8222
7531
6575
7650
9506
9682
9804
6315
4698
8920
6809
1893
3805
6678
2553
9645
7410
9651
2032
4528
5564
2019
1670
8799
6276
1076
1330
2931
2625
4920
632
9545
5378
7359
5579
1675
1463
865
8436
4222
6500
8789
4700
7247
5813
3284
4722
4770
7425
68
632
3787
1534
3687
701
7785
194
4930
3164
8574
8196
4908
4777
5790
4416
2711
5719
8139
2951
650
317
3710
4632
3127
8543
9851
6691
7389
2556
2043
5309
3408
6529
8354
88
9479
333
1651
8360
1020
3729
6927
177
8916
2015
414
290
7818
2849
4379
3199
4650
2811
1364
6655
3369
1732
6928
5928
3898
5964
2369
1510
2870
1081
5329
9655
9335
4127
608
8424
9756
8228
4722
7553
9462
5574
1620
7210
7225
717
3939
452
5274
857
4357
1274
1359
8661
6759
4615
69
1070
2217
9744
7089
5556
8240
4352
1182
9550
4695
4915
3412
9477
2884
9199
4260
4266
2157
8524
3490
2653
1345
1732
6805
9045
8377
6244
9380
828
8193
4187
3630
8831
930
2435
7832
1199
6057
8620
1127
2163
2346
3229
6527
8929
9421
3593
5844
4964
7459
8119
8620
1609
6209
1518
3688
3300
7403
171
7474
6313
1639
4877
9848
7041
9741
7290
4144
6719
8571
369
9619
9897
1471
1039
1483
7970
5181
9953
8242
1301
7369
6533
2761
4444
7047
5066
5808
782
1374
6395
8891
9971
8863
1457
5889
6746
4840
6639
5498
9850
2756
2810
6372
6840
5911
8737
3688
5638
7197
1341
3541
6100
5160
3543
9676
4875
5015
9653
1494
1172
2425
1412
1980
9598
5484
1689
729
2824
3377
7306
5033
2321
6404
332
6091
1203
1765
2110
5986
1212
4509
7611
2598
7213
7189
8779
7334
7306
3662
7600
3557
5446
4508
8427
5121
3778
6121
1282
2229
1647
3513
2495
5257
1675
5662
8592
5895
4227
1364
7459
357
9477
7252
8974
8113
1485
2747
9301
9095
5054
1053
4603
162
172
8592
6517
7030
4013
4785
8352
4951
9104
3575
5778
6766
8845
2945
6366
1161
9419
6352
1010
9730
6060
9842
3543
5149
4827
4000
219
4946
9418
4822
5145
3270
4736
2414
7986
9104
8194
7079
3044
3368
7578
5015
6537
5126
9197
1117
7715
9006
1841
2657
2573
3841
6888
1022
9547
53
1857
1726
1685
8903
2463
2518
9462
4664
8391
4399
8732
7958
4529
356
3545
7801
5600
2850
963
1013
3244
8214
2807
1493
2690
2883
1271
282
4466
853
8210
9828
5362
8110
4932
5217
620
8304
3632
2335
470
9395
2567
8328
5472
8257
4855
349
4695
7524
6936
7928
7215
7768
5650
3251
6909
5872
9583
7416
469
7415
7729
3143
6391
811
1149
190
7020
1375
4694
1332
9718
4568
7333
1815
8515
9776
3985
4705
8575
4150
4454
5005
7999
7187
5767
7988
1599
9307
9401
4273
5860
3810
2222
6377
357
3295
4482
5028
304
3711
6284
4278
1326
9747
7390
471
792
9013
4564
9437
8402
5773
7866
4528
9342
2090
1091
5322
7480
3834
4167
3808
3374
1457
9509
5641
609
4602
906
3946
9043
233
7890
8282
6392
153
1716
1621
4246
5673
2701
1847
3685
54
6023
7482
5874
8285
1682
2013
3078
5527
3949
7793
2586
6614
2790
4556
9498
7605
7972
4041
6155
1576
550
5414
6866
3686
1766
6116
8560
5479
6377
4530
8541
8076
2640
7265
9793
9506
3912
6385
2193
7204
8847
909
9739
5559
1206
8431
5649
9941
2267
8388
9631
7424
5538
9359
6737
2116
4060
5023
4250
5873
5974
3995
7281
3197
5462
7027
1126
3019
2300
5385
6408
3142
5874
2045
9486
2785
1409
8515
674
1707
4799
3581
9012
3115
1316
1641
4803
6055
1929
1457
759
3197
6413
6093
7336
766
3279
1387
8480
6761
6172
7817
1433
8509
7785
6213
5949
9528
721
9104
4159
7777
7240
5778
5028
9634
9723
6515
6834
89
4025
1172
6057
2037
6740
1782
8738
7586
5208
9858
1471
9820
8670
9456
5127
9670
3503
2040
1012
6739
7437
4705
643
5852
1369
1274
4818
5011
2669
7586
8593
6806
9122
7229
2848
5221
6688
6489
2009
9103
8156
8321
5012
2921
9533
2192
1236
1408
8906
3729
6307
9824
1973
4221
8723
5743
8067
8738
6736
6198
7383
3134
8433
2444
4602
1505
4895
158
7531
3334
7805
426
7038
1640
5612
9326
132
7742
3777
3341
2507
8550
4924
8098
7148
2918
5514
9047
8019
1023
4537
959
3822
7369
807
2780
7200
6057
3030
5418
4589
6440
7643
3239
5337
494
9655
9517
9691
7197
9682
3300
731
4493
4348
579
2349
6230
5727
8437
806
1359
1475
141
4351
5410
8321
4546
2007
9686
4183
9136
8237
9956
1794
9020
8797
8771
3983
5466
2573
7092
5464
7329
2876
5413
6547
7386
1114
7741
4161
6941
7756
7751
1856
6167
3886
3740
6859
2119
550
5359
6786
1113
7177
4345
6948
297
122
4821
1737
1470
5115
2941
8302
6435
1125
8421
6447
4564
9736
7271
3419
4841
473
8902
2518
4142
4815
6906
205
2121
1133
3380
4645
4501
5891
7073
3262
1118
71
7650
9531
8040
9486
4413
9437
5975
3161
8366
7114
9900
607
6227
3829
501
1715
4060
634
1711
5930
1229
8895
4830
7885
5612
1753
4196
1483
2734
4448
3563
8483
1367
395
3580
2581
1216
722
8951
3264
3388
7365
3849
8759
9404
6109
3697
325
656
5076
543
9743
9735
240
4287
3668
7041
4179
5944
9463
7182
339
9997
4576
8753
1684
8725
2574
754
8077
9848
6594
763
8635
1759
6902
6871
7286
8484
9428
2719
8222
9658
1384
5891
7523
9424
5894
5039
2182
180
8389
3640
1972
6930
5215
2329
6198
9580
3529
7098
3179
861
7209
1062
3625
4935
9658
3224
3182
9219
2047
7744
5021
8610
2945
9596
3828
971
8202
5486
1573
8066
2187
6934
8167
8098
8588
5784
8941
981
1776
868
1624
5859
5710
7240
3918
3882
3967
4459
7353
7448
4898
5864
1806
3854
5196
5044
977
3191
9446
2925
6305
256
6956
8124
9147
5309
2518
202
8499
4547
9330
1727
3531
3536
7455
6553
3658
1259
7087
2025
8197
7727
9653
3871
5371
6002
9646
964
4450
4228
4926
2109
9296
347
5545
1436
7638
2881
1353
522
200
4132
5444
1941
2380
5805
8631
1511
7236
1115
3048
875
7035
1483
8987
2339
8609
6649
3372
2308
8520
9893
6956
1557
5935
5219
1896
2590
950
3343
87
1519
4214
4889
9642
4223
1196
8159
3322
7374
1629
6786
2681
5018
6517
505
8937
7869
9639
1299
2137
6549
8481
7271
1982
6033
6308
3741
6434
1719
8881
9670
2174
6327
654
5841
1907
2529
8476
864
8703
8979
1955
5683
6844
5927
7955
6776
325
5871
3915
2014
5949
151
321
1174
6354
3311
4420
4276
6345
1708
8814
1402
764
1834
7458
1895
6843
4313
7588
7140
6637
3441
7683
9287
5215
5887
9736
1127
8824
8027
3134
8694
750
4828
1796
2277
7603
2299
6924
7216
568
8896
1802
7450
5535
6479
6143
622
8563
9659
3485
4882
4389
1768
4822
9237
3375
3784
7716
654
640
3719
3862
8512
7048
4540
5560
108
6717
9427
654
8461
7451
6595
9121
7793
9751
796
5097
7046
3539
7531
1523
6221
3347
4511
7574
4337
5288
1020
4362
5145
8207
5065
2121
5555
5079
3689
9308
4964
1122
8256
5216
2464
271
7561
3319
1645
4896
2231
4349
2424
3675
7860
9122
1917
6235
4036
2102
9293
4876
2415
1076
1044
1492
6554
8733
6916
8626
7836
9103
4061
3220
4307
886
238
492
8779
4735
3896
5766
965
4431
2439
5226
9354
6720
1551
9525
4680
8223
6427
157
3903
7132
1280
2607
8728
9923
983
1146
2074
6312
6547
9091
9506
3620
8723
8388
3555
9739
5152
85
8162
2572
920
6223
5838
8432
2236
2531
6862
747
3758
7149
1048
278
8177
67
951
4386
3191
2201
2914
1814
6227
6062
6882
4208
3589
3083
5118
2256
890
8885
4114
5015
4789
3943
2929
5167
2208
9567
4987
5538
7357
2704
6645
847
1499
8158
1695
3720
9878
3118
5640
5212
6651
4375
3309
4880
5716
2231
7287
6621
6344
175
5455
2070
7691
9226
701
5026
1880
5363
4869
8269
9507
6914
1853
8373
9697
2565
9544
6621
6192
2625
2150
8945
8639
7341
1171
1493
1993
3407
805
2841
9452
6217
5806
4180
3314
4287
3782
68
3608
9765
2087
2780
3469
7005
9702
9315
7239
5845
6408
3257
7573
8883
215
3899
5409
8333
5987
4839
3929
7396
5010
112
6513
5748
5799
932
8605
833
4668
5961
2617
3224
7352
8974
4978
1473
6747
8464
7288
5888
869
630
7840
7046
1901
997
6690
2378
2493
7481
2716
5647
3985
995
7335
7703
8819
7513
8868
1148
2071
4284
6428
8801
9574
3959
7275
7637
8525
65
5268
4888
7122
1591
7245
3611
2753
5076
319
5317
444
6480
5289
5850
8142
4086
2256
2711
139
9761
9939
2012
3746
7691
7396
9202
4977
2282
6071
8347
6216
934
7411
5024
2332
1471
8126
5044
5325
2665
6739
8613
6252
3716
3940
1163
7653
6763
8508
7764
6390
6942
759
1790
5057
4562
3401
459
6342
4968
1891
8771
1226
3311
8709
206
8519
5426
7277
2182
5386
5902
7828
9218
2762
4056
8356
773
818
9167
2714
5521
4797
3783
7064
1649
134
2587
456
4864
5943
7401
893
2880
6567
2069
9333
7137
4485
7532
2274
3432
8121
1565
2621
4740
6143
6664
3941
1602
7366
1460
3607
1274
9680
960
9602
3577
6909
1617
9892
9244
8743
8722
4509
6894
2134
4300
3619
6828
738
6079
7038
8303
2958
8341
3267
4627
3687
366
9366
2137
8139
1311
2005
3297
2116
4942
4350
2440
3746
1049
3623
4898
7897
3055
748
5060
6343
8681
6601
663
2469
1604
2853
4638
3013
9443
3155
8308
1333
2448
8882
1514
3055
1637
2247
9437
1846
7440
5098
2265
9840
6935
4213
1862
1554
9300
761
7593
9953
4081
4721
4067
5115
7649
471
2097
2296
7456
7627
2352
8412
9161
607
650
8349
5672
6206
1934
6845
3511
4708
1926
8840
8464
9026
8539
3351
2096
1672
7144
850
6509
5382
467
2185
7802
92
8480
6279
6917
6285
5304
1807
2957
8434
7492
8746
1499
3972
2565
9886
5800
8955
7305
8619
5632
6600
5720
440
489
912
8104
2833
666
1079
1518
1571
4442
7771
6303
8973
3570
952
9056
8136
2117
6284
730
5762
4411
2897
1927
7717
7173
9694
5793
4251
6215
5151
8332
8915
6816
3299
1974
5865
3200
4584
776
1919
9435
9565
2294
3087
4726
6037
705
9274
5737
454
5391
2242
9356
3611
8076
570
4475
3250
925
6336
4396
8886
9655
2649
2177
851
3753
7607
8590
8803
1138
9047
9210
4908
1426
8865
8398
5815
9916
2638
8044
5809
5881
1416
9157
1276
3466
376
6419
1922
4426
8789
8821
7662
807
365
8624
3944
6802
7149
2236
4213
6115
3184
4564
8148
8105
9898
3034
6801
972
9167
8727
205
8980
2132
5965
1355
6872
7975
5389
7757
3234
3481
9817
2844
6041
9364
140
3170
1656
1252
9525
1581
2039
7105
5029
6127
2672
6717
5417
2640
2136
4081
2707
9871
375
6331
1472
9093
2841
1152
7218
1915
7647
8502
433
3079
4002
3588
1613
7785
1078
1734
3813
2255
5507
6094
1713
6288
8009
4207
3380
6782
9397
1941
8766
5257
6521
8410
8216
5986
7101
2863
3598
6102
3936
9226
9139
1810
6886
6513
4004
2500
8299
5432
5257
5038
2333
286
1252
2345
3941
3734
6099
1155
2507
1637
2598
598
8722
5514
5454
6169
8973
1584
210
2026
8572
1841
9429
6785
4927
364
5179
6289
942
5253
6134
2360
6547
9940
9555
6585
303
2549
1554
799
7410
324
193
8110
6429
2769
2271
3280
3311
3214
4868
6180
8899
2297
1985
6698
9311
2811
7034
9331
5057
9196
892
403
7731
8300
3072
8862
9656
5855
9573
820
2077
342
517
3301
6109
9188
9011
9766
9510
9046
7757
3546
2216
4584
3462
7632
7207
2522
5940
4178
8830
5612
7653
7750
1880
1754
3642
6065
1341
391
5562
2477
1936
4372
6255
2425
542
4184
3441
9469
4982
3174
4494
4049
8799
8494
3849
7563
4893
711
5313
3884
221
5174
6431
2251
8259
3200
790
7695
2057
3744
500
1949
325
6862
3552
4437
6880
2444
2482
385
6368
2364
1838
55
1953
157
6304
6661
4795
2168
3075
1581
5205
3790
7495
7394
3972
6143
7678
5184
5722
3442
4532
913
4978
2109
4486
3202
7588
6171
7706
8266
7418
3593
5703
1662
6340
7691
2830
7392
5948
4324
9823
2623
9844
2411
647
9128
6633
7632
3575
1912
4077
6809
1880
331
5146
1010
9167
9028
7461
1365
4086
1942
4793
117
4391
5398
1426
9792
6560
904
7826
1752
7439
7638
889
7706
8412
9068
226
2008
2925
7639
7313
2227
6224
6288
8878
7805
1137
1205
705
2844
4843
5301
7485
9816
2792
5213
1611
7988
6738
3737
3573
2303
310
8952
3105
9862
2414
8963
9885
6777
6868
4750
2231
2990
330
4450
9478
6289
5308
4607
2612
7397
8737
8149
4206
5177
9718
6292
3149
7742
7909
885
8854
8418
1199
7408
3422
2374
8985
8298
7587
7832
9580
2114
4461
881
3541
2208
190
8977
1878
9859
5426
5536
1823
1181
1678
5753
8936
4359
1873
2248
8424
5883
4781
2374
8775
5617
7922
8035
6913
7853
2413
762
7707
7289
6801
1562
5611
2281
2103
8102
5903
271
3750
656
8994
6860
1528
2578
4094
820
2142
3734
7882
4442
6379
2078
2525
6174
6730
9209
9490
9475
5097
9274
6737
7946
1578
6490
1185
4433
1523
3543
6702
2029
1767
8670
9491
2192
5496
5736
3990
7805
8557
7217
2047
9633
7550
380
3499
6450
2662
8553
5114
4111
9115
8710
1999
2252
5709
2227
6297
6290
3932
8689
690
2104
1661
8276
9404
7283
6919
9339
1379
1068
7078
7205
3291
9465
1761
7452
7357
4937
4274
9961
5079
6118
8337
8771
2464
2134
4085
253
7209
1199
1307
91
6142
9881
323
4499
9885
4086
2688
5069
7655
5072
7196
3254
1720
6142
4728
6128
160
166
9794
2928
5987
2487
4974
6078
8253
5315
1431
880
6567
964
3451
7007
3308
3463
7221
9550
5119
296
8506
2665
838
977
9693
9069
9631
2713
7125
2326
1634
4161
295
9366
3810
5845
3009
6477
1399
4892
5386
8347
9772
5649
1560
3107
4238
4836
2889
5724
9367
2646
9607
3385
1614
3499
6140
8598
4052
3919
2155
6749
8850
9175
9987
3508
5051
3415
1391
1003
8211
3768
5467
8912
3485
1426
6374
6117
5506
5246
8526
579
2315
6578
7278
543
1188
8064
7879
2590
7855
5408
4036
6696
9732
5137
6633
6435
8119
9943
3525
3954
9090
8127
6728
1938
9773
7356
7588
9426
9399
4155
1337
1227
4976
4269
510
9413
1225
9074
6615
8181
3510
2353
2638
4106
8394
5595
6480
6188
4061
6011
9206
9530
1544
2859
7866
8038
2273
7257
3295
1120
209
6379
2525
6824
480
5963
6423
8713
6386
1298
8327
1803
5770
3952
7575
7704
8604
8096
7696
353
6486
3935
1725
452
9073
8425
9202
2723
1796
9393
2219
1287
2921
203
1590
2149
9368
7120
895
7273
2660
3693
6380
6481
3000
2624
2542
6064
9884
1727
4544
2901
3135
4499
3577
6221
6024
2639
3697
6776
4163
5069
2389
7631
9029
6646
4204
7340
415
7176
1344
80
6414
1634
1478
1785
7266
2924
8213
5805
9279
9982
624
2002
5717
2475
8824
374
3694
6528
1756
8446
5828
1575
7325
6242
8840
3570
2730
7773
9715
1879
4789
1907
6509
4097
5958
4562
5124
2621
618
4000
9141
5380
4125
2265
1159
8356
1948
8748
716
9737
309
4876
643
253
2106
4653
1297
4596
5297
2545
4342
8021
1985
4807
5653
9915
2272
6905
3346
4142
151
8433
9196
8173
7759
6504
697
8686
7529
8961
8350
8880
4977
7109
5802
8412
4391
6216
8009
6071
8090
2053
1591
7026
6224
8220
409
5981
460
4188
9548
5446
2002
9832
9375
4242
9864
278
9442
9730
4380
8710
2579
9180
5658
4634
2197
6610
3168
5728
4346
3804
7758
2271
6472
5391
1899
8035
1583
7582
7087
4730
821
3507
4396
5817
6471
2842
9887
6868
4323
4592
2050
9621
2814
2675
7258
7660
793
7190
5825
5019
7162
4304
7521
7236
8928
9439
6077
6621
6853
6393
7485
5496
6819
5593
6270
4971
5251
5755
4330
6684
8952
8824
6831
2174
8427
1290
5934
380
9191
6882
322
8984
1793
3990
1856
4071
7957
8880
8434
8823
926
6892
7309
8938
5761
3269
3447
289
5999
1151
3314
2667
8878
4821
2656
5497
7405
2881
4929
6225
9277
3368
9876
4332
8450
9245
8622
7757
6478
9041
6603
8299
1835
3396
8074
8284
93
3017
5194
756
5202
4763
4587
2328
7371
2621
9062
317
3218
6410
7424
3182
8225
9895
7082
4316
2213
849
5067
1842
9084
4830
6340
1770
872
3363
3763
2062
2851
6951
8741
6776
1521
6225
9783
5147
9129
5827
8617
9775
6635
6871
2763
7579
4988
1904
7795
5426
2739
7123
9469
5139
5281
5652
3281
8890
4145
5454
6459
1524
184
1994
768
3811
829
4988
1790
1783
2216
6277
848
5674
5562
7824
6401
9053
5756
1830
977
116
4890
4041
5072
2538
5634
8880
348
2018
5557
7016
3021
4773
691
5200
7172
8026
5346
2409
1907
8284
4709
9882
1947
1203
8237
9278
8574
5592
3208
2128
3052
4600
9409
5089
9168
8796
5711
1244
647
654
299
4776
3213
5380
9540
5272
2217
6831
4411
3250
6192
1037
4323
2296
9246
3393
2755
9715
2300
3927
73
8669
4867
9574
1655
2503
2320
6369
8721
8685
8201
5292
3188
4732
1315
2778
8198
6532
6273
4323
8124
8652
2038
2134
1001
9394
7131
2649
1485
7270
4855
5209
6515
2259
803
6731
9809
1924
7706
489
1358
9576
6300
8269
5702
2313
3839
9146
135
1209
6746
1115
9915
6644
5224
4966
9344
4452
2250
6558
4811
3267
9198
4567
810
4752
2037
2601
6791
581
9085
7590
725
8813
1486
7566
5331
712
7574
6979
5076
5875
8045
350
4379
7319
2818
4627
5866
628
7834
799
1849
8925
9148
6162
669
7730
6361
9121
5781
5735
4158
9582
7361
440
7018
427
1742
9739
6734
8150
4495
6969
5795
1551
6791
2954
560
9638
9251
3557
916
1171
5724
3813
9388
4663
4181
7171
8960
5155
6889
9473
7134
9709
1278
505
9939
5258
7832
2882
3572
8414
9538
9660
8511
4871
3043
1805
2096
7881
9515
3094
9429
9595
5477
2710
9706
7503
5952
4301
1810
7076
5966
8838
4369
8606
4116
2238
2986
3403
4589
8536
1142
5055
207
4394
8497
3314
6819
898
8438
4295
2214
9991
3299
2987
9009
9171
430
9254
1257
787
1575
5360
9231
784
1074
6744
7884
628
468
4399
1634
7963
2579
180
8229
6046
283
7090
6143
8765
1513
1586
5357
6631
8331
1137
4801
3439
4857
9739
6134
1988
8906
2075
7146
6361
9382
4895
7894
7029
6009
1698
56
329
7473
8208
847
2295
1647
3169
2541
5357
9848
4567
1396
6435
5163
8672
6278
8232
3810
1684
8598
122
1283
7371
2679
1923
7942
8312
9127
6789
5303
6140
1233
2451
9166
4627
7270
3537
8647
5776
9770
2327
4009
2467
7022
8772
8503
9037
7093
9551
2919
3477
2788
650
2007
4826
2679
3017
6583
7985
8071
8029
7608
2146
5631
4820
6675
1389
5526
6133
4476
7825
8999
163
6346
4672
8108
7268
7927
8068
9333
6419
4852
3931
519
2930
3546
4677
2865
6755
5487
3972
8382
4573
9968
7629
6979
8093
1871
5632
1495
8352
6522
4660
6510
7681
5174
1142
8195
8768
1875
4079
1165
3947
6093
6853
6158
9012
3093
2428
9669
5832
1924
3863
8486
3521
9624
204
2558
7217
4950
8794
2837
5311
4629
1044
7651
1506
5797
6117
6471
5468
5689
3558
1675
2627
3693
1479
7846
1828
1219
5289
2980
364
1394
5821
8591
5041
4781
6679
2117
6067
4698
2481
7002
9011
7423
318
8551
7044
119
7426
609
9113
7255
542
599
9163
9311
8560
5565
4185
6025
8567
8567
505
629
7483
5891
4283
844
448
4070
8357
8943
5019
2195
5014
590
8178
279
2020
8311
2809
7075
2866
6302
9417
1047
451
5655
7157
5007
6186
7904
3246
8118
6380
8465
7741
1425
9565
4099
2445
2762
133
4843
6336
7957
8477
532
3431
9824
1662
8941
4786
8932
5941
2153
7853
1147
5371
1025
9692
2653
6948
5607
4285
9148
3340
1161
5668
1906
4548
5178
7996
9807
5570
7583
4523
3140
7045
7227
8753
232
3077
3315
893
2355
633
158
5280
1156
9609
4273
6487
2250
3767
4904
6131
518
4630
986
5764
6657
4599
326
5326
1187
5382
7947
1797
6487
6660
5027
9140
9785
7014
3689
5810
5520
6904
1030
1997
6543
327
8768
1344
264
6070
2482
1580
6682
8968
6324
3036
2413
6074
7412
9780
3918
2998
8213
271
9271
5742
2424
9934
9683
4277
86
3817
4765
4943
2304
4145
3460
9028
9072
6852
4316
2077
162
7902
2606
4653
6158
6458
7708
1431
3576
2657
2997
5564
8200
1738
2743
4301
9869
744
2214
6070
846
1464
1173
4382
2842
4229
802
6860
8387
7942
9636
252
2360
6605
9296
1040
9891
1026
4624
632
859
6649
8898
7845
5267
2688
1927
2171
809
99
7725
3340
6915
3203
6188
7981
7862
3089
5532
1318
2465
3956
5030
9577
8470
8493
4895
7194
2523
3820
362
8600
3295
6583
2719
6148
9393
7476
9675
2063
8496
8397
2334
6548
9057
2314
8352
6163
6625
6214
9348
8049
8909
3457
2633
452
3354
574
3159
4115
220
3498
6957
3370
146
2608
5892
1460
2254
8292
4534
8876
2952
3398
5453
73
7045
7429
2149
9187
8381
4489
7336
2088
4863
590
4498
4706
9161
3370
7533
2058
3568
1343
5886
6622
4355
9021
1037
55
5659
8111
3512
1337
2312
533
1185
4176
2193
3867
8331
3509
9536
7044
1301
5658
3818
1097
9960
7509
1294
8684
7651
1619
8846
8623
5274
1044
6250
9555
8278
2611
3560
7714
8672
2449
2982
9129
3339
9214
5350
7642
3932
1742
1674
2278
4996
4057
1339
3190
2704
1691
1617
574
7676
542
7818
3739
5779
1489
9844
2628
6119
529
2045
7614
6602
9422
150
442
3092
2162
4440
4092
6514
625
5027
9557
9133
632
6139
6034
3334
8062
4366
6548
1714
7723
5567
7759
6659
968
6692
4438
7654
7622
8839
9520
1924
2773
7264
261
3759
293
8607
5396
218
9681
2855
3699
479
3530
869
2030
3068
8053
1720
3429
7951
7362
6586
3451
6519
2756
5686
4540
9137
3657
1754
2229
6914
3848
2538
9631
3259
6154
7849
1835
5572
7941
7685
6593
4051
6980
3525
4020
1636
4484
4031
4441
9975
9659
9940
8967
1926
8420
835
6714
7843
7471
5327
9975
4629
1722
1760
3399
2761
8041
942
6634
3295
5521
1882
8031
7588
5191
2436
7899
5415
2817
8586
1662
7347
8302
9043
850
9716
3464
6578
8856
3223
3950
6125
1475
175
2065
8749
6963
6090
2590
4555
9428
5171
3703
3750
7531
9754
2337
2272
5697
9931
3492
1479
2582
1902
4426
7277
3039
9230
3836
4508
5982
7013
5048
6815
1873
5848
8386
2423
5191
1679
6387
3523
5496
9811
9580
255
5183
6079
8012
6414
5946
6887
7726
5782
9796
9012
7343
6048
9811
1073
4703
1904
7243
8216
8259
6836
7418
2207
9847
1460
9955
7784
7144
9898
639
7361
5797
5465
4352
188
4739
122
960
2117
8678
9899
4600
3570
4872
2341
4706
4474
6060
535
7625
3244
945
112
5920
9756
5311
8001
8576
815
605
7966
8305
606
3991
3041
6308
6674
8949
5906
5693
5787
4385
2129
579
5210
3965
5501
2578
4964
3516
925
9240
3102
8057
4679
1297
9315
3879
1257
4332
4855
2045
5142
1294
3741
2916
846
7902
3438
8249
9015
2083
6648
6164
3564
6910
6452
6354
7437
2294
5860
2564
5308
3291
2146
3556
3050
9527
651
7591
6545
69
6600
9893
9412
3520
9731
7626
1634
2552
7771
1534
5516
902
8021
9844
3946
2577
8821
1592
1126
9621
8445
727
4651
4542
6487
709
5064
361
320
651
6505
8165
5043
8573
4745
3698
4950
2565
9652
6933
6404
8356
6357
1028
4314
7538
7319
5611
2734
9936
3026
7001
8576
2953
396
2513
1753
6283
7392
2523
1213
3965
4408
5201
3299
4504
7925
9814
3851
5948
1741
4743
7021
742
6667
4378
9853
9018
2315
4753
9152
7734
5793
5505
5342
2290
2123
7833
1091
4333
8534
2986
9578
5723
7336
6151
4101
3187
3110
638
1583
4697
9504
3197
400
6603
2294
5455
4612
8206
4262
9528
2905
7587
1065
2104
6403
9502
7539
3846
3568
3656
3292
2928
6711
1769
3640
9475
1779
3143
344
3324
5393
7997
5145
2558
3822
5149
9509
6399
1689
6960
4004
2430
6554
2270
1833
2782
2148
2916
1127
8222
8751
1628
7023
5663
9530
3042
8919
3194
9170
5770
7198
5335
4999
5228
1520
6505
163
688
1459
4980
8922
2198
3313
5417
8573
6058
9431
6909
2349
2138
7939
7537
9860
9266
490
6739
8555
9375
6194
5703
3262
741
9962
4810
1847
5870
4925
6603
6620
1974
1332
8818
8556
8606
6958
1764
699
5691
8911
4247
9392
8255
5427
9287
9974
9497
670
5170
112
9063
3684
8102
1201
4789
3269
4410
4954
5732
6828
5754
6363
1229
9537
4345
6654
5383
1171
9403
3404
6167
4730
7176
7382
4833
3480
4125
9628
658
1315
3565
9208
9143
6994
9397
4371
6442
4643
1186
9188
277
1086
6808
4371
7652
2473
7022
3611
8511
506
5086
4005
6976
1824
4244
1748
966
7520
7340
1649
5234
5310
1712
3240
9901
8669
2289
7052
7543
5546
9508
8833
9211
8946
9741
5693
9081
3611
2885
9850
6568
5113
6017
9235
9827
9330
6884
2655
6204
7141
5290
8963
344
530
869
5451
7956
9579
2548
3291
4619
8739
5627
510
2752
8480
1840
9005
9445
2489
997
899
6482
2258
8039
4474
5182
9305
1637
7820
69
4468
5233
390
6188
6563
6229
2454
3823
9596
9533
6628
1966
5725
9377
7126
523
169
649
7875
7430
8136
7369
5430
2543
6205
1076
2150
4274
7512
9338
5834
5309
2339
3058
7735
9400
4397
94
829
2658
7367
3877
7813
7988
3381
5716
4462
3601
2936
806
5720
5905
234
2078
4570
2048
9352
7316
1438
6258
1690
8850
7006
5341
5521
425
3865
7252
784
6994
4837
6653
631
6026
5639
6894
9045
1056
5209
4383
5692
365
670
164
485
5786
6913
1212
9220
5610
4694
1131
1233
4958
5108
7447
9974
4115
5196
591
3718
9251
2157
4932
3116
5572
6253
8976
3010
855
6868
6004
6121
4681
1288
5955
1651
973
7234
3163
6608
1594
6843
3035
9858
5277
7334
4886
485
9159
4780
535
5144
2057
8262
2594
3748
3145
4637
3268
6645
1854
8876
1395
3263
5777
9289
5688
5968
7783
587
6458
2386
2210
8279
3217
8389
6310
8310
3125
2093
3604
7458
1441
6505
6645
1263
7818
3449
2075
4509
4909
1001
723
9157
5758
9393
9121
5395
4096
4536
2634
9066
6933
5122
5907
3710
9443
4443
4555
3291
4374
5327
5526
1132
3173
3787
5642
8790
9998
6984
3303
6274
6457
2434
4070
1384
791
3957
6783
8147
2816
2583
8962
4409
8947
2068
3819
5535
4295
3306
4828
3081
3450
8352
4134
2039
3203
6831
3536
2886
789
7530
5460
8711
2069
820
5666
4518
4926
9722
476
5557
5647
7289
9783
9579
2024
2829
9037
5703
1065
4613
6467
7844
9867
6367
6416
3772
67
7112
9265
7988
6767
8049
8128
2852
3881
4403
2192
4589
5170
3397
8886
3978
201
3339
973
5161
7671
1539
9358
842
6923
5791
2088
4391
8615
5865
3955
6442
2631
1046
9714
3598
4521
8019
1508
7782
7416
154
1463
5844
2848
4765
6148
629
5126
5307
6006
2949
8538
467
7364
8463
1729
9667
519
2844
3823
8560
3840
5833
425
2221
8070
2947
1380
1826
8565
5783
2418
4324
6618
2032
445
7328
4350
9088
3301
1035
8458
471
2893
6502
3543
2056
3904
6018
398
2864
3897
6470
3135
7168
1743
5516
1794
4911
210
3315
