433
1593
6870
1227
6512
4430
2545
7996
5624
1643
8365
3983
1038
549
3538
4860
9486
9487
6489
2262
6354
8204
1425
710
896
2704
9707
4233
7296
5867
4273
5717
5982
5914
5780
245
1428
143
4318
8174
7168
3395
3135
859
3581
3313
2234
2300
9176
7793
5210
7036
9593
7225
8458
3002
4937
8521
3162
9003
3497
7512
8839
5825
7633
5861
4526
4658
3467
3670
9434
7761
9844
2156
4234
2377
6685
2589
7728
5557
3020
7572
4325
665
7553
9772
4962
5441
2140
1536
9139
5520
9947
9806
3997
1335
1332
7545
8859
6982
5574
9402
8572
2958
1382
3080
2394
3047
1982
2390
3261
5844
2862
6740
5837
7076
7728
6876
3502
6875
7998
5476
3037
313
6215
5803
9332
3350
3650
5702
7777
7429
925
2811
9752
319
5150
5607
5929
4432
3413
2166
9329
3586
3445
3657
2017
8793
3235
1014
5475
1553
8606
9284
9294
1080
4148
3954
2320
1218
4319
4600
9625
2939
4249
57
391
4806
9426
6851
6260
1226
1385
439
3445
3185
6282
3135
6997
3204
2038
9302
261
9806
6912
7390
3944
6547
6029
2943
6486
9186
9125
2195
7565
5814
6534
9729
9381
7419
1056
1320
5549
5715
8931
4747
1618
6376
6843
5335
9894
3503
4054
2010
6419
9543
8723
4520
8828
3292
3525
3184
6814
8248
6423
4397
3497
8774
6777
2893
9982
1483
3742
5528
6460
2584
4417
4664
1413
84
6600
6354
8897
58
8725
6517
614
5861
5089
9475
1495
3449
2518
8962
2265
7622
8871
1708
9196
3647
1859
7065
5739
3992
4287
5218
2047
3275
6933
1190
2689
1774
7484
9832
7152
8782
3818
8980
7206
1679
1785
4681
2350
4168
5621
136
4764
5032
4696
4951
4624
5603
6643
5496
2495
7892
8019
792
5401
1346
6458
6790
5854
936
4097
501
6413
9621
8825
4805
6274
9097
1169
4242
7445
7304
6641
9273
8969
77
3444
2030
1744
6079
1736
5074
2522
543
5940
8754
6401
9335
5728
4277
2853
4858
3184
58
8683
6131
8271
9798
1860
925
1339
6027
9638
7255
5148
600
8797
2656
939
3166
8627
7828
7013
3548
8217
9310
4447
7172
468
4194
1678
1243
2330
4702
7221
106
1552
740
8398
1383
9104
5923
4223
2196
336
834
1459
6053
4378
3178
7662
5314
8465
3662
8932
350
9138
9216
3361
4936
996
8543
1119
6104
3168
5967
3689
4547
6602
8279
420
1712
1549
5373
7321
523
7344
2419
2803
7090
5319
4951
2790
3283
7639
9266
6910
6997
543
9776
5572
7709
1432
5903
2583
5848
1157
7777
9450
800
3113
3336
9978
2243
5560
4999
402
2984
7662
1756
6128
2327
8293
8642
4929
9344
4783
2773
6726
4752
3421
3138
7386
9684
3883
9937
2331
3583
625
1219
322
2887
3853
4450
1653
5668
1609
9667
8955
2127
5743
9848
7982
8229
4595
5322
5449
9914
1043
334
731
4232
5078
6927
2441
6144
9435
6737
9609
4075
8633
1180
2442
1631
3900
4799
71
8723
8415
2761
5931
2119
1192
3042
6634
1580
4601
8722
7462
3140
8689
6364
9043
9033
9412
7743
3657
7772
3469
3883
4050
5126
5922
2081
4995
4206
9944
9700
6425
5850
9655
9403
5343
6470
9763
5450
2846
403
6339
8758
7915
7327
6248
2974
5520
1971
1683
6447
8074
1257
8125
4327
1392
8982
498
4195
8964
3942
8323
2743
1638
9488
7620
8784
8923
5239
4146
8922
8666
6658
5187
3973
5396
7228
9067
9932
1015
3052
719
7789
6084
1083
5772
4280
7340
7910
7345
8598
9727
6229
3485
9456
9856
611
3538
5258
1231
2748
4170
6415
7840
5461
8439
4526
9824
4410
3806
2115
636
2382
9675
510
1933
6539
266
9662
1817
7386
2624
276
5767
1832
8671
4289
350
2425
2012
1106
6306
6845
347
9336
8702
7331
3200
7752
6374
6145
4887
5903
6354
6086
5788
1905
2883
72
5975
3828
3156
8813
6848
8048
6926
5854
9653
1063
9162
1772
9873
3590
1793
2799
6968
4445
5389
7783
9221
1340
3212
6957
8345
8283
1158
6797
6300
3975
4012
5915
4715
3804
9980
5694
4973
7109
7982
8128
1260
1388
4911
846
8022
4659
6766
9075
5827
4278
4661
2967
6952
6261
8205
3237
3109
2730
1609
3101
2037
1980
7672
3718
2597
2003
7259
5690
5622
952
3396
8745
630
8444
8557
7355
7239
6583
6003
9395
6392
7770
2207
7840
2760
8886
3367
6496
6374
4332
1062
2408
8214
8163
5249
4926
4960
5095
322
1777
7979
6578
4655
7668
8695
2269
6619
6929
7211
3306
3945
2009
9883
6554
4356
1272
4446
9806
5062
1512
4332
8590
8832
8935
4707
9118
6415
4099
9059
6373
8644
312
452
7775
9185
6278
1440
6169
8338
7366
6419
5125
5311
9240
2750
4938
3022
5030
8097
6971
4607
362
2722
2213
707
7656
6231
3492
3749
7190
2095
179
235
9472
4859
727
3761
5945
9865
4942
7519
2764
7677
1611
9336
9753
4130
447
3779
2932
4798
7540
1717
5312
3859
7079
1795
7170
6088
3506
8297
9148
8581
6256
6029
877
1394
2974
5380
9702
2171
9985
1671
1918
1567
9604
8410
6850
8666
5437
4080
265
4647
6783
4601
2134
2273
6376
3216
9514
8596
5588
8639
7133
6032
7327
5972
1935
3539
9683
6465
7842
6249
7253
1182
745
1050
7955
3699
807
3236
2840
6839
802
7014
712
9703
9223
2171
678
9611
7036
5588
622
6501
1477
4131
5638
9426
4445
5084
4335
8175
3659
7989
2401
6816
9874
3658
1911
2442
272
2692
9522
2808
7058
7567
4064
6196
6355
8578
9893
6698
7743
1170
6870
8978
9238
4450
8530
3318
1390
372
9228
9105
6458
8113
4969
1248
9140
4320
4656
3288
1278
1301
7094
9865
4392
475
6650
6444
1750
7693
147
7384
4914
3892
6091
470
3810
8792
4863
4316
2041
4072
8811
3468
6951
6584
4876
642
4674
1108
4932
3170
6095
7192
7111
7007
7690
1549
6270
7263
6036
2862
8912
1896
1930
1361
5744
1761
6945
4935
3452
5259
7175
1140
4995
1879
3080
166
9901
8337
6298
8903
3225
7900
2312
2688
2584
8981
7876
8011
1329
2760
3744
5101
8092
5564
7512
8337
1509
1757
1050
2589
3649
6269
344
2140
2903
5125
2387
2450
4202
3822
9141
9441
9813
797
8208
9475
9093
4772
8218
9441
7897
133
206
3795
5629
1217
2934
7118
1094
8007
7449
3397
9541
303
8631
540
539
3981
3482
6817
8741
5892
3871
2188
3243
5669
6109
7588
4493
1602
626
4722
7841
9763
6133
6603
6376
2572
1940
6193
1547
1220
6378
624
4242
5054
1670
7183
1802
5870
6709
8006
1733
372
3074
3842
9573
3572
233
6667
9138
564
6294
6257
925
5906
9616
1542
8314
9875
4639
2503
344
2015
9465
432
1063
8641
5298
1666
3498
6455
287
7185
2299
350
3836
2017
3183
3457
4032
6099
1323
7212
6515
253
8676
5284
3646
7772
7828
900
8808
5129
6321
4950
2147
9476
5589
8348
5630
9853
1594
559
626
662
7421
1445
3018
7146
6051
8074
1187
6681
9609
8500
9047
6067
4587
8354
6000
975
3039
2902
4230
6170
3509
1804
6976
1924
5698
9087
51
9792
551
6958
4166
1544
7254
5350
8847
1389
1804
7087
4744
3172
9329
6947
7648
1553
9396
6297
4253
8370
9523
9009
9326
4818
804
4765
2397
9625
5486
435
5337
1623
6862
9930
364
5175
9180
8728
2478
8489
615
6318
5314
4759
7051
2852
8692
4368
5201
199
1475
6842
6530
1192
700
3893
6023
2248
899
5017
7909
8806
2464
6900
2411
3657
1565
4813
3658
7329
389
9102
1853
7863
3687
5327
9817
9556
6629
2223
3507
9330
3241
5742
493
7596
2990
7761
1729
2262
9560
2139
5871
5110
4224
979
6688
4005
9802
5481
6397
1054
3307
9938
683
4816
5452
3750
2342
7417
1695
5623
5780
6888
7185
5453
3231
473
7365
8679
8283
3408
2569
8952
9867
2863
4236
5284
958
9561
1336
9061
6237
187
5423
9519
9658
3228
306
6150
1081
6300
9640
7292
4384
1245
5564
8972
7580
9966
7093
5313
6047
9924
8393
751
3361
7695
2916
1164
9940
9766
6619
5971
98
61
6603
1185
6657
5505
1484
2462
232
8974
2442
8369
9764
1074
4472
2049
2158
2618
1627
8000
6506
841
4757
6505
3163
8533
3302
7098
8104
5913
5359
8568
9140
797
2820
8455
8710
89
3824
6693
5439
4329
9686
3794
7781
5723
7962
4464
6687
1864
821
5491
8600
5896
6696
6037
1718
7812
9164
2887
4944
9347
8729
3073
5857
7166
5429
4602
1166
909
2305
9394
8482
8638
3999
2689
6448
1371
2250
2238
9566
7130
7274
7167
1599
6108
4308
9978
8575
8286
8407
1690
5497
5006
1170
9791
679
3207
422
5979
5900
2076
6108
6715
8032
9362
7996
3772
3815
893
202
491
8647
2186
2591
9170
2556
8823
7065
5152
4644
2897
4584
8806
4559
3866
9927
1077
273
8674
5115
2394
4807
2460
5171
8332
9031
5160
4306
9047
6805
8058
4143
203
1092
2549
5650
4292
7151
843
1182
9755
4173
3732
9001
3550
8758
8462
6424
5433
8055
8368
2773
8691
3539
5384
7447
4768
4004
6935
9260
3516
7408
8825
3736
4595
3313
2262
1819
5169
1523
158
5634
5593
4860
2141
3262
1976
6250
2181
3436
8240
7846
6387
7344
5423
5872
5370
6058
6279
7188
8596
2963
5825
925
5278
6451
6953
3240
7688
9263
3522
5311
958
2846
5876
7487
3617
3992
5908
2187
6560
8410
7098
2181
8635
5732
5670
974
777
3678
7447
