430
1807
9786
5875
2790
9672
756
6185
9847
9100
4247
3966
3702
6788
4792
2605
1420
6564
9348
3389
2679
3083
3972
6718
4145
6104
9920
6172
8152
9782
3950
901
8688
5185
3330
580
250
263
8843
9314
342
5605
9346
9184
2099
8313
8148
255
3821
5585
8841
2900
9534
2085
6944
5956
3311
5400
5147
8080
988
1167
9184
4949
5624
5794
8045
5649
5863
8891
9586
241
4537
3028
9851
6105
7876
636
7938
2823
5029
2977
3404
8480
2273
200
2447
1525
3144
4277
480
6913
775
3978
5575
9796
8310
9118
3263
2847
4726
6027
3904
8449
9998
8045
2243
7495
8266
2898
9171
6714
3226
3010
3648
8899
2955
2965
2229
6235
7476
3198
1686
5424
3839
8190
8099
9907
8420
8204
4537
5141
1608
8783
3459
2767
5383
6699
7787
9038
5185
2683
8763
4850
4826
494
8733
655
2204
7654
1745
928
3478
5642
8545
2121
7707
5604
8276
2698
9982
1828
7150
8077
1665
4890
93
8981
4814
647
1839
7065
5531
942
5448
7757
4568
1639
6587
7609
2679
1643
7524
3450
2136
719
5041
5296
4916
3746
8483
641
9726
7984
8618
5114
5741
8019
3783
6801
4318
1594
7796
9712
9306
9146
3125
9629
4200
9833
6336
5417
6895
5137
479
5445
4279
4506
5872
7091
8214
3639
787
1367
5856
6879
2116
1076
9599
8110
5662
6649
9647
7553
8294
1721
4589
1103
6808
3068
3627
9456
5815
3367
1809
718
5532
504
3289
3669
186
8268
9843
1091
6106
3931
8566
684
8859
7450
1947
8968
3479
2030
906
8533
345
9212
1893
7364
6176
1763
2936
5126
1256
3272
7474
7386
1894
6417
3793
9623
1114
7324
2952
3202
2496
1012
5058
4232
7171
9376
5917
8309
7193
991
9603
3677
5266
7215
991
9127
5402
7715
9287
117
2297
979
389
9112
2551
7311
5942
7981
5587
3236
90
7748
3427
567
6887
7055
8197
5758
7844
4550
9767
1053
2311
6113
7302
6566
2361
8259
1117
9118
6081
5581
3661
8711
4795
9377
93
5999
1260
2879
7137
8401
7341
2054
7307
7779
1862
4034
9759
3192
9507
7681
1961
2107
2507
3561
7653
6764
6579
3909
3297
9096
7276
621
6850
201
5978
111
4666
7112
192
945
867
5878
2981
7477
4018
8707
9295
6746
7848
1504
2928
2034
6022
7707
1206
9118
7971
7790
7317
5277
2909
1409
4371
5672
1503
3450
5774
7259
3733
4666
3129
5949
6403
5900
8941
2471
9375
5747
7866
4852
3035
945
4995
253
2482
9192
5418
3762
6277
2143
8511
8693
5710
5833
4966
3814
4840
4503
6266
1382
4337
494
6376
5885
4010
715
6292
8187
9624
2356
7339
9219
5529
8879
4454
4202
7991
996
5527
2725
397
9244
9004
4366
96
8435
2608
3334
491
3932
3369
4319
9573
6735
4051
2690
8029
6206
2082
1433
6814
3519
8352
5903
3868
662
3885
8355
7220
4526
2940
7065
1645
2436
6656
3902
2764
2812
6235
2484
4140
9361
2478
4444
6802
8956
7131
8317
9050
7692
9821
9473
4732
4175
2294
8074
6401
4213
6794
6485
8791
3291
4154
5161
5822
5641
4475
9589
7595
7153
4511
1411
7576
6937
3575
4653
8007
2876
7311
5670
4353
7138
6869
9874
8126
4372
3680
4030
7532
8309
3857
1573
6274
4178
3484
537
1377
5477
5778
9244
2182
7428
1277
2348
7769
2263
3721
4416
6034
6323
1288
162
520
3828
5024
6628
6381
5570
3008
4614
8325
4695
3695
9748
7262
8458
162
7561
2790
3449
841
5866
4952
3229
6159
6773
6598
1741
3491
8790
3280
2681
9658
7904
585
1620
4829
3263
4893
2960
1406
5450
7616
1249
8639
2901
8007
5159
4087
8317
8109
1243
1758
7452
9466
1490
7360
9603
5532
6213
82
2765
6417
2613
8591
4766
7922
8910
6756
6453
5655
1253
6765
5628
7137
9524
9345
7272
8329
5419
9240
1632
787
8302
370
8765
6936
2126
2889
6279
9903
2085
5396
6692
2022
4476
821
5213
810
7870
1344
6127
5143
3951
4514
4055
3601
8198
9997
9829
6961
7464
5219
5505
9608
7210
3482
3933
8482
2360
6404
7090
3176
229
8724
4849
8994
2452
9011
1082
143
8822
723
2729
3163
1430
1755
678
5752
2730
5110
6908
4988
4882
5089
9479
3547
1195
9540
4457
6549
4712
7716
1047
2899
4372
1827
2016
4557
5433
9105
4640
6210
4942
9033
2715
724
5528
5036
4822
1252
3813
9544
6116
3593
3224
2599
5754
6910
7233
4547
9066
6557
8889
9021
4691
6875
3382
9122
1547
3298
3279
6109
5636
9231
8392
6509
1606
5053
3736
3298
9953
5706
9571
4295
9554
6165
1181
2839
4540
1381
7627
146
8625
5798
5419
1493
7843
7081
4437
4492
9648
3309
946
2306
627
9097
3858
9637
249
3075
8587
1316
3317
5260
4926
9312
701
2114
7765
2097
7924
4899
92
5735
9231
8782
7352
6668
8336
892
5896
3811
7717
2522
9799
1395
3266
862
1358
2658
9157
7854
8073
5251
5677
1547
6426
4190
56
2050
9202
4290
5681
6743
314
8855
5522
7263
3792
5744
4671
9388
6890
9497
4634
9039
3412
414
6348
7471
1700
6072
6411
2651
8489
1836
1533
2224
1411
5620
754
9421
8144
9534
5996
5639
5512
1925
6781
6520
3346
6832
2732
8616
4029
3802
5222
9050
3186
5775
3373
7061
3912
5150
9719
1012
7820
3197
3724
190
2044
5073
7985
8074
447
8076
235
4879
7443
6320
9305
2668
6839
3929
4197
707
4115
8883
9084
6316
8931
1061
901
221
6266
3534
2839
4378
8534
2253
3928
9476
6917
4307
630
103
4427
7631
5626
1485
6892
2788
1971
9369
4113
6019
3987
7625
8548
1981
6744
2510
4009
7032
7150
3268
6592
972
3551
6920
3226
2605
3769
9883
9818
1278
2993
6611
4672
4216
4561
5730
2885
2967
6018
1703
6352
5076
3734
870
4906
3972
1376
6522
8818
3045
9716
5022
8786
2416
1717
5759
2841
7248
9691
6585
2854
1811
5659
8337
9461
3275
8872
5106
2186
7558
2345
4070
9668
5535
8335
5963
1155
9995
5308
4036
3010
8339
2389
5701
1940
944
6611
6795
2161
2042
5192
6121
7425
8167
5564
1661
6795
4507
6634
198
7926
2177
3457
8413
1089
8758
174
167
6293
4684
8920
2293
2813
2020
6071
664
9412
2446
4424
2106
6109
7389
4640
295
1456
9367
95
5774
3743
1181
6099
2103
8713
6118
5457
3576
6273
1889
2499
8390
4363
4057
5643
1661
8202
301
7913
3034
2263
8624
556
2884
9407
2176
8777
6738
4540
9180
5652
9840
5838
7355
4678
4405
3946
9126
4416
6605
6677
8506
1537
9535
2224
3056
664
404
6285
997
7635
8485
8856
377
3849
4765
2493
4507
5066
1787
8156
5101
1955
1006
5654
9156
9689
1066
7403
625
1716
1591
6447
5445
6685
6022
4137
129
4918
9149
2894
3383
2941
7794
1795
3727
6072
2056
1183
1269
7427
3191
6673
7213
1342
9144
6250
4098
9914
6297
9637
8925
6185
4527
6796
7154
7651
5460
1464
8000
9610
3324
8848
4576
663
3392
1376
5212
4765
9567
1521
2002
2671
6175
4717
530
7663
9382
157
1621
8079
7581
7986
8866
4745
3208
1675
594
2398
7294
1338
2317
7784
257
6012
6291
1737
4777
5092
197
3861
168
4260
6268
9291
619
9039
4954
3492
9740
9415
7145
2408
8420
1416
3571
2391
4496
1826
664
6702
5385
8001
6945
6039
5337
9503
3629
3180
516
3942
8393
5547
1790
2184
2866
4355
4423
3404
3227
4306
5789
7280
9315
1440
5900
4702
9408
9118
4478
2366
6647
6203
1879
8429
904
562
5146
6845
1732
8079
1577
4710
1998
9281
6830
3623
7599
3561
2444
2538
5520
5490
2698
7790
5833
2764
8245
9969
8669
1267
4009
9096
2751
6420
6927
6295
7418
2394
9808
9566
2240
997
5036
7569
3574
835
8947
5525
6370
3498
8857
7755
2222
7556
4165
497
8104
2393
6521
5058
4207
4513
9988
4342
9950
1106
8080
1873
3151
2533
6106
2811
4479
4988
4525
6488
3866
3840
9489
6994
7347
1695
4310
268
2686
5333
9321
2051
7316
9888
5972
7729
3636
2317
4518
359
3602
1756
4863
3007
8427
5825
5435
2476
6129
3790
8677
7264
6612
6773
9328
3160
9471
7371
123
7412
4494
8574
1466
5025
5532
1533
3773
7099
8665
4910
6598
838
6398
2552
5835
7938
3719
1605
4743
7363
1965
6949
9152
639
8011
8300
4882
6824
767
972
1564
7304
5065
81
5863
7015
488
8599
837
4271
3681
1971
72
5624
5384
7264
6340
9484
5745
377
9420
4377
1383
1815
3212
626
8027
6037
8041
2151
4943
8351
7101
3000
7177
651
9420
3910
8053
5643
2659
2529
7694
4689
1665
8685
7468
7281
2390
1827
284
5547
3666
9657
1989
8857
5748
7850
8357
7768
486
626
5946
6587
853
5121
833
3889
8449
1710
9589
8045
7524
4297
5176
8955
8694
3511
5621
3709
3552
7235
5501
4470
2774
7389
7404
8322
4899
7404
9402
1653
1524
7267
3363
265
1635
1106
4132
3519
5996
5948
7044
7458
1542
7840
998
2200
6556
5173
2276
4659
2450
3044
5685
3595
1468
2165
2261
8865
8427
6526
964
3611
8805
8279
5289
5280
5988
7047
4579
9421
8153
3817
1711
2277
1929
955
8337
9638
3610
6226
6219
8278
8726
9264
5857
1335
3127
1960
2428
5615
2069
4229
8073
3752
7609
1643
1366
8917
1913
61
8702
7299
7440
5134
1065
6007
252
120
8037
252
5741
8198
7801
167
9841
1559
6045
1476
4732
253
3924
8247
7328
5994
3068
9611
9710
7803
1775
3094
1999
5619
1493
3861
1371
3028
1150
7721
3416
193
9675
2228
9413
3951
5433
4445
4885
9398
2311
7160
1009
6830
3092
4634
5559
2549
6769
6142
9585
9126
3551
9553
5999
9754
9088
2935
7806
5348
7390
3877
3101
5638
2371
3362
1673
178
5964
1298
5545
8642
6856
5024
2963
9399
2769
8297
6202
4908
7803
4575
5333
1571
350
4106
3224
6267
6269
1187
9997
3843
2607
6139
7930
8233
7041
6934
8388
8259
7866
1686
1648
997
1904
1582
7951
5365
7311
8334
5404
9157
5078
1437
3677
9233
639
9614
5988
6615
4395
4005
1510
7118
363
3220
3731
1229
2632
601
9622
8075
5057
5985
3237
1432
8546
9290
1371
2774
4856
3374
664
4698
3066
3770
660
664
6327
9329
6676
9961
7240
191
8977
5442
2984
8419
3080
5041
6484
7226
7583
9726
1733
3483
1367
1577
6431
1339
1980
9998
4383
7642
3069
1553
6520
3062
1546
8092
9883
6274
8332
7516
2888
549
4660
1540
5866
9049
3339
8678
5465
7862
8411
7720
2589
3599
2450
8374
1438
1313
5799
7425
8074
9047
5865
1427
5070
5007
5626
1309
68
6185
7192
3805
9944
3550
3604
5799
1333
2369
1497
4005
7183
7120
9261
4037
3887
