80
191
6078
4980
4549
7269
2210
4266
376
61
9006
6750
7295
5933
327
6624
5721
5419
2846
3843
1119
704
6322
7433
2615
3164
6474
8136
9246
9546
2475
5955
1371
5783
7348
554
3401
9542
5426
6609
6624
3951
6463
357
5697
9887
8050
4670
3733
9620
4130
7728
4653
8809
6177
3447
3166
7687
4587
3613
8503
706
2356
4411
659
1477
4725
3505
955
9207
9266
9316
1379
6688
6065
5612
2575
2205
9643
1634
6451
9763
2137
4563
2802
4461
1728
499
4366
2350
9845
795
677
789
9423
2664
8551
9625
4638
4874
8693
5069
1272
6847
4714
2802
8464
9658
784
8961
5059
4195
2722
614
4932
6551
2459
5304
3579
9963
8336
4365
3273
5518
1857
7288
6962
5083
6295
7123
4779
8426
7404
754
5931
6957
1497
8826
9146
4354
9575
2093
1106
5079
7642
8269
9997
8319
3823
6015
357
1665
5995
6029
4803
9635
9753
255
2977
4882
8083
2483
3074
2616
9266
6166
6475
5438
2703
8992
9220
8130
5993
1228
2366
2368
3757
2271
876
4635
7897
3311
363
5912
3785
569
344
7169
831
485
3704
4202
4534
