1501
6007
6562
8178
4256
9770
1758
7024
3266
9435
2323
9013
4751
6985
5075
5013
6510
1122
7574
3386
7243
4684
8896
7962
3897
6448
7410
7397
6480
3034
9338
3054
7520
682
9516
2244
9998
3515
9597
8568
9518
1204
3754
6455
2802
7868
4037
9124
9024
7602
3786
9225
8078
6688
1736
9896
5064
3511
2339
2752
704
8987
7158
6617
3618
2608
4716
6670
8608
1029
6493
897
6997
595
8942
935
7234
8349
1054
7421
1955
2839
5883
3769
5975
3917
9404
2426
2504
5141
8927
7109
505
2814
3669
4989
885
4748
2223
5192
7325
9632
7994
9975
1501
405
401
3981
1741
7524
314
7225
3012
8137
8102
2209
6226
5150
2156
7575
2994
4456
308
6083
3092
6798
1889
3065
1346
3390
574
2432
6165
223
6314
5647
2016
7189
9174
5411
9992
6474
9136
1915
6331
4898
6412
9673
9914
3457
4491
3143
5832
466
8424
6943
2022
8705
8223
9047
7869
2762
7141
4786
4390
7234
2342
8758
6128
381
2560
6485
6682
8544
4413
9869
9855
4608
6976
494
5247
289
407
3388
1814
2598
9336
7639
4903
9126
4844
2065
3600
4867
5281
7854
9537
6632
9480
6595
2345
5860
8951
7619
7780
4623
4256
5717
1966
7773
9640
3040
9450
94
9009
155
3040
7984
4195
2609
5697
3004
4156
2434
2344
9788
4698
9747
9665
4479
444
4528
8096
4002
7795
880
1177
5784
481
5074
9265
2353
293
6607
839
8526
2377
3819
7495
9596
7148
5866
6397
5165
6580
5968
7670
5181
3000
516
3777
7454
1082
5273
3269
1395
7207
8496
6702
1459
5312
4120
5088
4086
1225
7432
4205
9968
7372
5234
4807
4870
614
2350
4490
2018
3439
6627
8861
4632
5805
860
1912
1506
9401
2143
913
6750
4456
9044
9140
9207
2682
2045
4613
6437
9083
8650
8775
617
8353
2299
6357
3594
390
3526
7775
7255
9213
1659
7801
9836
7090
8514
7653
2658
4748
3847
6274
3638
4188
9006
879
3940
3336
3091
7839
863
6245
9948
5891
4384
1121
5156
7306
1042
3076
6604
890
9933
8414
1820
1347
5616
1638
7088
9889
2034
9268
1568
9782
5786
9872
978
6109
2868
3007
7452
773
1771
6433
6527
9427
6268
8665
4193
7296
6784
5727
6906
8508
8786
9773
3812
8793
1388
4300
4598
5745
6914
9465
1727
7376
2852
5518
5866
9449
6581
8119
2586
4992
5349
1300
6798
2978
5937
509
3423
9816
2862
9451
9653
406
1357
829
6970
4980
930
5781
1725
6347
4551
7054
1610
9006
7212
7108
624
1929
2349
2994
3697
342
772
288
8765
2848
8125
976
6389
1162
3622
2187
7464
9988
5144
7243
4146
3690
9123
8117
1113
3791
8986
3914
2054
5350
7271
5615
3945
7985
3377
6164
8384
1022
2911
4472
5615
4047
5789
1871
476
4209
1155
2853
8466
7048
9736
7689
5953
4888
6009
7199
1825
674
7418
5967
4252
3345
9787
1385
208
4711
8106
3360
8881
3698
4768
9655
6034
2438
4968
2290
2351
9242
6518
7608
3776
5439
1817
4394
6801
2488
5895
2993
1530
1678
4321
2941
2849
2864
4787
4010
3098
7487
7233
2418
5833
3743
8301
1126
8528
1247
8159
2146
6914
8925
5000
8731
1530
2871
6345
5081
5217
6465
4508
5186
1660
3076
1312
9764
8056
3101
4070
6725
6709
2047
359
7095
4562
1667
6675
2194
9512
8645
9524
4308
4910
9140
8856
150
9894
911
5884
7025
6386
8039
8727
3167
3489
2019
3838
2927
6480
8800
5956
2769
4188
1623
3801
6800
7654
1451
932
1741
7568
2867
754
906
1794
4759
2502
771
213
73
3814
3427
4674
6626
7631
5839
3005
5747
6078
3437
8382
6500
7625
3586
4098
7481
5913
2312
7796
6877
6653
1599
1932
7748
8223
7275
222
3805
4134
2929
1528
8360
4909
3483
206
5095
4582
8331
1099
8760
7951
6583
3250
2683
262
7829
6275
8326
2862
5743
9520
6466
1272
9264
3726
2370
5644
4743
4867
2134
1642
8058
1771
5275
3122
3671
8286
66
8477
7422
5932
5540
8484
2228
9467
9078
6388
497
7395
376
5758
1500
8505
8732
4440
9742
638
722
483
7494
4202
4786
4850
7584
1086
7299
9027
9848
4681
4026
9614
2833
4909
4744
6831
6873
4758
6958
9099
9036
4237
5821
4027
5736
3202
2660
3180
4813
8045
9918
5431
9996
8387
4585
802
8281
9101
5661
5160
1106
781
5171
9769
5619
4292
6631
8613
2793
7083
1912
9218
7948
8254
324
6072
6871
615
8009
6416
1065
6720
9273
8316
9249
1109
2531
7028
6637
4287
424
4498
7293
5350
2882
259
8053
4691
3537
7109
591
9248
2070
4924
7467
5529
9919
4804
9628
9291
5466
8396
634
2572
2410
3166
5435
6673
4628
1203
9289
9466
2667
4116
3630
7840
3038
589
7874
6638
6860
3019
6230
5066
5873
4186
9254
1617
5322
4445
2170
9506
697
6892
4296
3762
887
6288
8790
770
4014
6181
7292
7481
8309
9398
4239
6915
1748
5056
6536
8229
9462
8798
2857
1357
9805
8565
796
4424
8211
5969
3250
4493
6754
1646
2318
1240
3809
8165
9678
6078
4154
7288
4530
7589
1823
9466
2580
7861
7292
951
5362
6232
3894
1321
5705
2742
3689
2913
3016
1913
5056
3288
4861
7604
8442
8736
4130
2544
7213
2039
7377
5539
2888
5796
4642
4621
7570
3130
259
2167
8409
4253
2740
3986
5823
388
5753
7500
1454
2327
3465
2104
2692
5749
6653
410
4470
6030
8053
4325
2092
2862
5429
2006
1409
9046
2619
925
8184
4174
1260
2753
4095
6300
5234
7588
8881
7764
5151
9943
9790
2504
9159
6253
62
6761
9347
7100
8549
520
5537
7877
1208
8016
5936
1363
4954
2687
9401
910
9030
9464
9578
9542
4967
6714
4982
2745
2292
341
7722
9976
5314
2216
544
7664
417
4613
5772
631
1232
6141
153
3979
438
2936
9150
3136
2931
4414
8650
614
315
3520
9676
846
2942
3441
2194
3558
3973
4051
938
5237
5516
7443
3123
3865
5196
5825
7663
2524
4012
1531
6428
4783
1867
7539
2912
7286
4063
582
9798
263
881
5397
6088
2101
6858
9246
3433
9044
2319
174
1322
7724
78
7881
2216
6418
9064
3017
9685
7268
1114
5232
9918
2063
6137
8230
2438
6362
897
6804
2766
3651
3520
7890
8520
1993
7878
187
589
6415
435
6741
4741
2533
8340
3148
7863
2750
2931
3733
3099
3853
4114
8359
7057
5612
756
2697
3007
2115
1224
601
9592
4628
5063
8286
8081
9858
1901
9766
4155
4506
1971
9069
636
1010
8684
8306
8895
2595
1784
3006
3440
9986
7442
2362
4602
5788
2967
822
2771
4148
8838
1950
4527
9893
1486
8204
1374
1698
2023
5612
4403
2166
8809
4002
7935
197
5115
2161
5883
3691
5287
9637
657
2092
1525
1883
7608
5719
4498
524
5899
1475
4884
119
802
6892
1720
8935
8262
4514
9511
4711
2127
5826
5307
4955
9483
1780
6824
1556
9444
5678
913
1875
6759
1383
4932
5226
4001
7587
3685
9922
8640
4626
3396
2751
8805
3663
4910
1105
783
3437
141
2776
2378
1810
1055
9549
5166
8211
2531
6335
9240
6295
1685
2337
2774
5895
7317
4056
9579
701
4374
1360
7337
8886
2243
6223
5949
1352
9279
1824
3868
5633
949
2419
1456
4758
6723
9541
1088
9053
1946
2306
129
2157
5265
1999
1145
2094
7745
1688
6597
3690
9325
6670
2026
6549
4336
2147
4433
9454
1044
1365
282
7593
6902
3783
9993
9892
5279
7261
5347
3243
8578
3788
509
7204
4758
7141
5927
7081
9396
4766
8495
8683
1868
4867
7457
8295
2246
3460
395
3481
9850
4657
5750
4668
5974
8062
6508
6472
2044
5222
9227
7018
1454
6462
4936
5622
221
5897
1673
8173
356
6667
5158
7755
7446
3058
6592
4304
1275
9028
7394
535
6444
9347
9623
7123
4685
5971
5582
9128
2077
6998
8383
3215
8874
6403
9758
4850
8577
2740
3506
6148
2347
6807
7716
4738
9164
1169
6876
5897
934
6198
361
2838
2201
4539
1362
8638
3752
3603
4800
8373
405
5284
3403
5936
4696
3725
9691
9533
2989
9895
1231
2883
2993
9589
1837
2668
5168
1931
7706
9829
792
5737
1835
8831
8861
4184
7712
3391
4755
2008
5604
1829
1781
5850
5372
8567
4952
8664
6794
5492
6124
7908
9401
5149
6835
398
5520
1042
1008
9562
1993
3026
5526
4297
2967
2921
4047
3911
2614
4952
3452
4074
5054
1486
4089
154
7853
4080
322
4461
8450
3349
9031
6576
9443
1591
177
4622
6458
4949
5528
5082
223
6918
2633
6615
1692
2455
4490
5533
8449
8927
1576
9615
2374
7627
9916
8971
573
2344
7148
3693
8985
3641
7374
4984
5504
166
459
2028
8319
9969
2012
89
8412
1513
7751
9422
7867
4002
9949
418
5335
9477
5816
6034
7785
2842
7684
5709
6726
7753
9957
7906
2192
8474
5663
6224
2543
2036
5070
4364
4530
4100
8656
6620
4900
3297
7493
2963
9418
8499
3311
299
4148
3034
8697
8349
6111
4241
4397
7841
1628
9914
614
5618
7480
7225
578
6375
9017
6401
7123
3712
1951
3313
1566
6178
8971
121
5612
4399
7157
1648
6392
4567
4602
2561
6017
7922
9708
3041
9449
6910
6246
4822
2407
372
9275
8141
7440
3954
8734
2814
6168
7789
2365
6809
4438
5536
1643
9439
4373
4216
8293
5857
9857
6272
2439
6336
1418
6104
6437
9138
8722
5197
8769
2698
7770
2542
6587
4452
3260
7781
8371
4733
7557
7634
5701
2425
4069
3584
4677
6907
9548
6426
7743
2076
7904
3114
4582
6371
8085
7834
8388
2741
8041
521
2758
9307
421
7659
8335
1693
6752
9988
8215
2585
5594
926
506
376
8562
4158
4934
4608
642
5602
4212
5147
3500
6478
9343
3144
2023
2789
273
4266
4957
9319
5262
7299
8300
1369
2173
8073
9812
1373
3823
8401
2859
4731
3312
9707
9227
5622
7794
2370
6537
9923
5421
9295
8357
4954
5667
8801
780
9331
2545
6510
6764
202
1003
6247
8750
5125
9227
1272
4471
9291
6677
8532
5740
7507
4608
5294
7343
2437
7165
3619
6852
9224
5115
445
2287
342
7403
4523
4568
9152
2082
2058
9527
1262
590
2689
9951
1751
9785
4535
2369
2304
7806
7923
1966
9367
2217
4323
9735
4166
9133
4879
3736
7324
5806
6897
6974
3658
2958
9408
6423
8496
6599
5861
6495
1086
5876
3651
4041
5710
4158
7254
5187
1157
691
7898
8365
8037
3534
2910
3228
5989
1719
7866
9766
1571
8392
4478
4414
2909
1759
2557
2666
6500
1322
9230
1486
7955
3044
8897
2362
9167
7345
8353
7088
1253
4766
4832
2137
6921
8562
9713
2151
6536
2267
8339
828
2143
8866
4127
5586
3404
3889
2248
5694
5893
5894
5914
5533
1754
140
3255
7676
5163
3324
182
3441
8265
4749
147
1263
2555
395
510
191
1822
7198
4175
5937
1944
1574
9376
7443
89
9437
7974
5083
416
6794
1189
3181
370
733
2325
3122
6149
6747
4012
5374
994
8768
2495
6707
1416
3793
8880
8163
5075
4228
2253
220
6983
1963
8126
5865
6511
6901
6700
6331
8593
3815
3783
8170
2879
9950
8072
2911
3844
6997
6621
5640
1021
1927
2850
225
3317
9158
3877
1302
2272
8702
7619
954
2373
7180
6505
5380
9311
5142
4090
9141
1843
6797
3618
2304
5432
6715
8290
3137
3045
3508
6795
4894
702
6884
3168
1929
6042
3916
2660
8630
3753
6323
9850
7630
8986
2476
6354
3754
138
9533
3946
544
6943
5994
5158
5680
519
4599
5520
2833
6974
4606
3375
9080
4696
3271
8480
7257
9414
6133
1636
1533
9836
1335
9359
6798
4542
3349
1292
6438
7766
7488
9593
4767
2157
9455
3095
7828
2457
7064
3324
7992
8246
6333
676
3070
2127
9630
1947
3816
7383
8875
4283
3347
5011
6732
5947
8578
4291
3284
8565
7940
4014
8210
2325
6958
1434
8298
9144
9774
712
9981
3634
978
9741
6178
3311
9951
515
8378
7482
8430
5681
7571
6778
6179
957
634
1448
572
9521
246
4911
2494
2607
124
8805
1478
8543
7238
7595
5048
786
3067
8558
1271
6335
1200
5189
8213
7207
6270
6839
5670
4061
1863
5598
3546
2696
5910
8910
5625
6799
441
1265
6532
7815
8007
956
3623
9706
2416
6242
9594
5619
3136
9905
7514
9694
233
8046
5540
8895
5353
995
3588
4781
1079
832
1384
9647
4988
6350
7829
6547
8579
2272
6626
2828
9279
6388
4346
7016
5497
816
7603
5407
4460
2001
2383
6739
3287
8674
8296
5438
8025
2345
7003
1361
3169
2237
8868
3776
3218
3821
4755
6741
901
6700
1484
1497
1563
2821
8333
8008
4848
6354
5202
8063
4213
3779
2808
6822
8541
2231
6221
71
2693
3674
1536
313
8945
3278
5172
346
719
6430
4861
5293
2315
1579
6939
7644
5325
472
9016
6255
5623
9378
2623
6544
9381
1136
2488
6010
9436
5174
5977
2606
9328
7920
1674
336
7248
1323
5183
5639
664
6831
681
3848
7521
5625
8559
9526
8346
4463
4685
4703
1145
7388
8382
4052
7362
6285
8047
4506
2030
3252
1842
6194
3274
3549
5557
6009
3728
7329
5744
6543
3776
9370
5250
1754
1259
7946
8527
6244
8908
8039
1556
5240
2387
5814
5407
344
7734
2371
2855
3057
4433
6819
7098
7452
8659
870
8931
5851
6693
523
1219
5566
3243
7082
6683
7833
6279
5691
5405
3585
1625
1056
8520
9145
1322
5055
2254
5632
8438
436
5536
8396
8308
2166
3313
7908
3387
3208
8013
6500
9174
3862
6807
2917
2167
8918
563
6802
5679
4310
8965
4322
2541
5094
1383
4157
8383
9510
5345
8100
6371
2324
3075
622
7180
6420
8667
9281
9353
1802
3983
8008
6184
3547
4487
7993
2671
4270
4476
8031
5226
8004
7128
5362
7351
4571
4863
5478
6272
7469
6740
134
4331
9189
7696
1398
1937
8671
8450
317
8649
3939
9548
7270
1425
1827
1730
3243
7511
5100
3047
1395
6453
878
9668
6635
363
7711
2385
447
6977
9185
490
1121
4066
2078
147
6404
8684
8414
6121
2391
7634
2934
4539
6311
6167
7435
6526
2726
8419
6854
6756
9288
8511
6511
3974
5941
2469
9444
2484
9610
1405
4492
7344
8991
3252
8368
3151
7667
1040
7503
8435
3751
2283
3471
8741
1340
5989
1832
8755
2642
3308
5043
4479
3491
2462
1111
9728
3608
133
2900
6436
4306
8998
4417
7675
9798
3529
8615
9786
5560
9364
6962
9783
9529
7468
3686
6179
7431
9688
3727
7628
6361
4710
3865
6063
6669
6551
9287
6099
9868
2879
4017
1325
4798
4964
2537
3002
4703
3774
4622
7656
4279
62
7688
2552
2721
9868
987
7412
4201
2072
6699
3302
2975
2574
4565
7905
8743
6091
1773
4858
3138
1982
4230
8458
815
9354
5186
85
7932
3311
3505
1486
193
6629
810
7408
9958
1851
9402
3049
7084
3601
9288
2313
8845
9380
7388
4629
9652
4565
4634
3832
9440
6150
2884
1488
3139
2854
4387
5086
8504
6622
3083
2208
7635
1297
4537
9908
9294
7276
9957
5066
8611
5735
3925
2795
4283
4918
7227
9994
9838
7514
9810
3288
6440
6528
5358
2820
7102
9277
8710
8743
4003
717
1707
3066
7015
7439
4535
901
608
2538
7254
7912
8326
5986
9802
9481
972
6668
465
7431
2757
3392
1172
6253
8720
700
8371
6711
2217
2780
2818
4788
8551
632
4687
963
855
9748
4217
3939
7356
5563
1826
9154
8606
3637
3036
3120
219
4235
143
8904
1637
855
9669
2590
6834
2284
8808
3806
8797
3855
65
5762
7656
6501
5112
2719
9281
4049
5892
4624
6149
8779
9990
8118
3260
9247
8991
5619
790
9334
8175
400
1318
6197
881
2537
8643
3887
8015
2725
1568
6649
5443
7860
8933
4007
588
2342
8935
7128
8673
7075
9592
9487
3807
7650
3453
7512
2936
4681
927
3196
8174
9771
7413
2218
9217
8645
560
2850
6381
4195
3298
4442
8498
9079
8889
4207
3019
3289
2892
2760
9342
1072
8333
298
6480
1360
1408
3598
6873
4229
8510
8248
8178
4121
2897
7371
2037
1931
8080
1314
292
150
6587
4334
5669
920
8423
7465
891
9013
2891
9539
5835
5050
2734
3093
9736
6844
4335
4511
1004
1322
5881
1344
6664
7750
6883
1646
5531
6089
1634
2824
8356
1991
9512
5004
4101
2002
5564
9770
2479
857
9798
6155
4828
9061
1802
223
1038
9600
9886
5226
1568
6004
1429
9185
9772
284
332
439
4173
5435
3586
9718
5263
8345
4350
8492
1529
4925
8136
4654
9310
7898
6092
1100
6980
8635
2705
3429
7712
6552
1008
7097
360
5059
2073
1884
9740
283
4888
7679
3395
1157
478
7727
2707
7238
3547
2484
5659
1733
8197
8255
9586
8036
8557
6342
1602
1487
9927
5685
4456
6793
6385
7242
2438
9534
3388
1410
4412
1112
6450
5987
970
5303
1702
8175
3865
1742
894
4082
1240
1221
5059
2335
6429
8645
3511
4186
8272
8670
6203
9550
8046
2431
5182
3166
1168
7817
2293
839
6570
8501
3507
3640
3624
6727
6583
7102
1375
5376
4559
7008
3140
4601
8224
4844
4059
406
6748
911
5390
4105
1705
7748
300
6108
9904
9959
4259
3987
3442
4810
682
3050
4814
2024
100
8179
2760
1266
5065
8281
3127
4193
802
9269
3868
5283
7434
8749
2622
6758
3356
7760
4731
6301
2000
7982
7347
4250
3886
9130
8647
1155
6498
954
8177
881
5072
2704
188
9687
6112
1592
4759
4050
4032
7003
2683
8259
4006
2298
4666
9290
2693
7204
6266
4914
3112
2033
6894
8295
4717
441
1397
7646
9462
9929
6490
8923
6063
1121
2309
747
7186
2236
4171
1378
4827
2107
1797
1833
1528
5933
9512
9499
5407
3189
3374
1741
5547
1100
6380
8459
5173
2398
9393
8717
3861
9458
2682
7661
9127
6154
9913
7089
6318
2780
8775
9648
7055
6234
4765
7014
1459
90
2561
1695
8689
6637
2094
2045
9970
735
1396
8626
6757
2434
9791
4629
7236
2480
1947
6104
7131
6451
75
299
524
6744
7672
4654
4726
2796
9929
7824
2417
4487
1518
933
1179
3187
6331
2806
6974
5995
2709
2043
95
6952
2295
5835
4281
8904
3737
1286
8616
4903
9115
7033
5566
8328
8307
7639
5179
5331
1728
8283
639
1247
4202
1719
8033
9471
1291
9583
4709
7700
7141
2477
8309
6148
1594
102
931
7482
3589
2899
9547
4586
6146
9063
1834
7433
3955
7125
1078
9268
5113
9374
5451
1380
3649
99
973
6619
7461
2826
1863
4011
9660
1635
6793
1456
5301
4644
6517
1128
3507
7549
2064
968
9963
3156
1960
2467
307
6902
7358
2756
8708
4674
2745
677
5374
3743
6500
9656
908
4537
5273
4314
1898
6522
8577
1420
3224
2314
3787
2628
9988
7631
8914
9844
2977
6637
3403
1982
4270
1838
4541
1878
2699
310
9495
4490
3469
6997
826
7872
3459
4196
988
9637
5724
3536
8468
303
5017
8307
3304
3783
2353
3456
2882
4247
6407
1151
8985
7626
6558
3244
9269
3956
8826
6186
3437
4800
8510
8881
7495
385
3690
2105
1144
4861
2021
6079
915
2013
5909
7323
1634
4272
8101
4035
3824
5896
9813
9159
4100
190
2788
9189
1208
1251
1949
3233
2637
8325
3632
2003
3638
2005
4059
6072
645
6004
2296
6704
2734
3711
5047
625
2285
8136
777
2189
5094
7220
4782
8804
2596
3477
4983
2417
6881
4410
9968
3677
3602
3669
8596
4985
5754
687
1421
3850
2305
9152
3396
9307
2066
6332
9354
3807
942
9939
8596
8469
3403
5209
9975
732
7502
3969
2724
5868
1646
8169
2302
5570
6200
953
9218
3405
7049
9620
7337
6061
1440
8999
657
5542
1729
7826
1242
8592
4762
2080
3255
6708
7258
4188
6119
341
4824
3998
3301
9251
2124
591
7234
2621
5433
4114
3465
5045
9211
5287
1305
7332
5988
3383
2487
5501
7922
6644
3615
4095
1742
1930
6430
9539
2674
3189
2664
3838
1014
1764
713
1633
7631
6178
5191
6666
8741
425
3591
3214
6991
1666
5248
6541
5660
8898
9712
4612
7624
3556
4760
7980
9556
8033
5258
3459
2435
2846
1017
206
2639
310
9663
8123
5378
1681
5228
4553
4973
8471
9555
7192
2000
5891
4091
9944
3605
6524
5350
1029
2216
3626
5429
5858
8589
8636
8149
5699
4981
8666
1036
7740
5506
6722
4207
3505
8606
6000
2109
7542
2108
297
3300
2247
5612
354
3059
1874
4453
8908
211
8705
3990
3538
1503
2316
159
8176
6766
9326
9056
8691
630
2766
2261
1891
8036
8729
727
4443
4283
4243
500
6608
9919
7910
6098
9594
4033
8777
6677
744
8945
6224
4888
4903
7463
8298
6688
8359
308
9263
397
7596
9065
7776
1048
4739
9957
184
394
4905
1033
6147
7312
1335
6035
7761
9068
524
8045
7064
4014
613
408
659
1574
6609
7853
4930
2338
8378
2545
1935
6429
7193
5603
2835
5650
3366
1723
2261
7065
5276
7209
8607
3835
7665
6444
604
4200
7451
4061
821
8411
9412
6222
655
8463
5331
6033
7189
4213
2450
2080
6615
3236
6419
2707
9919
792
2420
2823
8174
294
9835
5058
3389
827
8768
7748
7080
6310
6759
3132
972
293
1632
6548
5308
1351
3290
8881
7055
6340
7670
945
9695
8450
6104
1064
232
2754
1661
1429
9928
836
4515
8059
7892
8294
2627
9311
5435
2531
7792
8325
6780
5958
6335
2274
6720
3325
3833
7737
8562
1510
9765
3688
6172
8018
4187
5690
1487
1954
8600
3142
6278
8001
6951
4412
4078
1203
1865
6829
3906
4151
2975
6746
4450
670
3174
8277
9263
7204
256
5950
1579
8136
5250
5532
660
6144
6729
5473
7139
207
2805
8687
1291
98
8043
2854
9189
619
8354
8499
3371
2275
1393
5280
4953
9187
7311
3136
6831
3140
4526
2183
3880
325
6480
9458
1774
1278
8929
9647
1785
7512
4343
4171
6984
6116
1374
1546
7034
5883
1095
2507
2258
1616
4390
3219
773
9871
7675
4157
2948
7006
5131
2887
7932
2416
4678
106
6013
3845
9669
7815
7061
4568
635
4125
9550
6720
4686
5204
2218
9807
6538
175
3399
7838
305
5614
2260
182
2376
6963
9657
2701
5260
2235
742
6900
2422
9173
5806
3638
7024
1004
8225
9649
1683
4957
4934
7347
6245
3545
1452
8073
4758
4218
4441
2979
6187
9547
9710
3253
9178
6645
6125
3503
7935
5137
3443
6229
2789
2044
1639
3948
6159
8053
7919
5105
7023
5379
8646
1720
6960
6331
6455
9630
62
8800
628
4802
96
269
4418
2924
5196
2769
7687
5254
5327
6797
1106
7594
6980
6141
3931
1377
4168
7598
1699
949
8997
5324
8888
259
8907
6954
7415
385
5191
2729
9238
3042
1755
1603
6314
6839
6662
2188
3656
749
1307
2874
4355
4605
5669
3847
9197
3165
1819
852
9460
9664
8217
5362
2673
1984
3866
761
2829
5471
2586
1260
7381
9647
104
3309
6377
8577
5394
4586
4336
4621
7582
366
6559
3668
1654
8977
7470
6494
5942
9302
407
2563
4208
3315
1926
7973
3498
4009
7283
348
5151
3278
4208
1446
789
8558
7138
3215
7579
7319
6280
8245
7717
5556
4413
6283
9188
5902
1164
2451
3055
9626
6267
450
9499
262
7798
4171
848
824
3836
8194
8234
2770
5481
2307
9930
5741
4997
6473
2976
4585
7578
3520
8554
4650
6836
2997
8279
1584
5329
6849
4319
8102
1582
6522
5935
5466
932
5060
5232
7559
6108
5734
8632
2884
6461
9857
2858
561
660
5940
2433
9500
9267
2415
7695
7248
9191
9335
636
7505
3487
9934
4253
6872
5273
7252
4323
8091
4987
9748
6355
9936
7296
8762
3667
9581
9198
4226
9597
5689
6419
6092
1301
8163
8352
1225
7811
1498
1204
8972
5786
5001
2365
1456
9416
8806
4005
1255
2152
3883
7217
3851
786
4797
6230
5760
4921
8050
1628
208
9490
6558
8754
1535
5837
9001
229
9388
7219
3929
718
8834
272
7739
4150
5286
4337
7151
8342
523
2416
5208
4720
8615
6647
6685
5247
9284
3747
68
8182
356
5878
7540
6742
3239
6682
1444
6991
4738
3907
2182
7803
9216
278
5080
3155
5479
6607
5014
2097
5485
1044
746
7059
2806
5019
7067
4782
6682
9712
3696
5116
3533
7235
5892
9524
6618
6407
3464
986
9702
642
3869
4546
3628
523
3416
4685
3835
2085
5880
2436
3887
6539
3485
4593
4227
9709
2952
2985
183
8645
6955
5234
6726
5877
7525
8121
1477
5891
3106
1105
5278
3845
561
5672
5155
893
2977
2822
7920
6554
4534
4462
5682
6406
8868
2880
1787
2997
1168
2163
264
3797
8589
9320
3387
4488
8263
95
7986
5913
7992
9876
6542
4458
7268
2770
2086
5194
6439
2024
2699
5325
6290
7408
8889
1409
4344
968
385
646
2785
5420
7480
7722
641
7248
2191
9023
4709
7604
5381
5018
8173
3295
9145
9925
2273
9808
5667
8144
3753
8075
9428
1201
2428
6058
1733
2555
5913
2148
8430
9930
826
2718
3721
2353
3415
3740
5155
1904
5855
9524
1243
2714
8535
435
8806
985
7044
5701
6587
2468
1439
1336
5534
8318
6426
5657
7400
7076
2449
3404
6194
4368
5233
1187
2333
4132
6541
3401
5714
7639
4369
4393
7498
2159
4915
5814
2137
3663
105
7709
7776
5795
1158
9654
3219
3963
2805
6069
7523
1487
6833
9628
1738
3465
8363
5959
8761
4806
1911
806
9148
8543
8790
5257
6976
134
3295
676
3795
3355
543
9486
9738
5802
1898
2210
9385
3642
6351
5542
7557
8313
4593
4714
4989
9104
9802
5132
165
9643
3253
9837
1921
6449
9469
9848
2419
7525
3468
1660
253
5744
3518
9658
9177
7267
5736
4008
4614
4333
2836
8110
2651
8126
6769
7071
2107
7117
4334
3206
1568
8699
1253
473
8890
6586
2959
3914
7749
8962
602
1388
9710
3544
6641
6009
3533
7337
4230
1806
5782
2107
1158
7490
7957
1314
2386
6470
3473
9717
2249
3923
6475
3307
707
1421
7388
4762
2794
5025
5749
3993
5012
5421
3753
6790
5814
7657
3789
9171
2202
2683
1476
3488
7913
8718
3794
891
8446
6176
7572
6486
9209
879
9381
9176
8986
1971
7483
1730
8151
9326
8795
909
3508
1710
5841
4492
392
811
3483
5801
6216
1413
8435
4035
5868
1613
3417
6872
8810
7234
2384
9890
2241
3371
6344
6834
9269
5632
6326
209
763
7787
1106
8981
4202
3806
4847
7433
2376
4321
1491
753
3855
2862
55
9477
3585
9760
9289
2010
5776
476
9263
8942
7493
1288
9593
83
989
185
7168
1524
1372
2163
4021
6937
1123
6010
6481
8499
2393
6044
7386
4719
1361
4552
379
9764
9233
1774
2461
529
120
2880
4276
5957
2252
9275
8829
9724
282
5773
605
6344
1211
4635
7808
6252
483
2831
6002
4703
7519
2228
792
1694
5284
2672
9199
9854
3327
7743
8718
1135
5174
2212
6536
9003
5597
9346
8093
3301
2113
742
8430
2605
4423
9510
9971
6986
261
6162
2321
1847
1492
4900
8556
5251
502
2299
4790
4048
6235
1859
3963
9910
758
2479
6576
5701
459
9067
4123
3380
9627
2325
4226
8285
5202
9925
2071
9977
8700
1912
2990
8237
2344
3008
4846
7029
4249
7884
2999
7247
3448
7747
7743
3562
7876
8039
1914
9212
3671
4276
2869
5995
761
2431
1680
5000
583
5187
7393
546
2642
8005
8695
9015
1834
9483
8139
3870
8901
7408
7126
7876
4690
51
4393
6748
1638
8160
9775
4299
2880
4822
6515
445
8955
1549
2441
678
9989
9256
5861
1537
7728
1274
6267
7349
878
2647
7003
9548
2685
233
6673
2514
9331
5280
312
4617
8516
7362
9188
52
672
1506
2132
5439
1313
2000
6578
4194
6697
9360
9900
8024
6085
9527
6920
1118
9777
7217
816
6264
9142
4035
7507
8318
8656
4810
5328
9040
3464
2563
8872
2925
9935
6662
2885
8492
1997
7954
7666
2155
8072
6497
7040
9545
974
6307
8571
9731
7747
7307
1477
792
4681
4617
4285
9863
9137
4027
1370
8177
8449
6597
8107
527
2560
9152
3852
3204
9133
9000
6861
7342
632
609
2020
1190
5951
912
7886
3880
1404
1355
5190
2329
3608
8497
8847
124
8384
8206
8054
1245
9035
4856
8061
4108
5451
5435
980
541
9602
9015
6142
3360
1835
2396
1181
7116
5097
9489
2248
6201
7187
4774
5641
1157
7293
6473
5497
2558
9756
1261
9161
9499
1183
1202
2511
5227
1646
9261
7811
6962
898
6403
2234
9722
2065
120
3314
4210
1716
2880
9408
1551
5158
8704
1862
7984
7235
2824
7893
6437
73
5101
3832
5157
4038
6575
6074
1853
3778
3776
5568
4052
2410
546
1218
485
9852
9071
3922
3962
2499
1459
8953
5402
4125
4356
3231
8014
1807
8776
674
8703
4503
1651
5614
2655
5388
6756
972
7695
3467
7433
6303
5407
2840
4938
7365
7470
7353
4238
6530
4726
1188
5763
8073
8134
6253
7800
2766
5659
3931
9783
5720
614
7992
2071
3668
5468
1359
8732
8546
8441
1707
9222
9424
4265
5845
2577
3057
4817
6031
7300
5967
2259
6145
6820
7974
436
9636
9259
7518
4489
5444
3428
2703
4134
4328
5512
9033
3708
4047
715
8616
6785
5343
7353
3426
5875
5344
4157
726
283
9781
6310
4224
4315
5936
3958
9590
9485
8831
2697
1161
712
2180
6782
7381
2807
421
6264
1863
6122
3881
8674
6541
4845
2759
1968
8976
8508
3568
2023
1451
9192
8223
1860
1221
3244
1252
5357
4932
6515
8485
1119
7968
1962
9871
1330
8440
5547
3192
4558
635
102
4584
6755
7119
4742
4803
6442
2605
4864
1047
3594
5894
4147
3219
9290
1734
739
3518
4767
1666
4645
1037
5094
5918
7737
1022
3531
3324
412
8564
6741
2655
3869
1634
8970
8683
7090
2522
1584
5723
5002
6540
6449
426
4887
2647
4991
7017
1093
2148
4010
3839
7150
8764
4101
8847
9266
888
653
96
2007
6517
9711
5337
6755
904
918
2879
9518
394
6469
8721
5948
2584
2360
322
4882
75
2134
6939
2159
6190
7112
5381
5888
3038
489
9172
8265
446
6673
8338
547
1872
8292
5629
3413
9543
8682
1620
2601
1971
309
8961
9466
5932
4344
3052
6704
7494
5304
1505
8064
4945
1993
1544
2142
1235
1338
8734
9412
7717
2151
9772
3540
4182
9826
7860
5235
2275
2351
6479
6637
3400
8560
2093
2466
5554
9354
1250
2805
8653
845
9364
1619
9468
9878
4079
3501
4714
2106
9110
2977
969
270
5755
1848
491
2081
4132
3091
1341
8767
1295
9737
5545
2753
4715
5149
1106
7776
5200
9629
569
5660
1453
8737
5521
3211
4119
5056
7237
2276
3273
3780
6906
869
1625
3991
5458
583
7516
9568
8173
7677
8829
2008
8980
1524
4071
7892
5449
4333
6370
259
9779
3986
1070
9863
7786
819
8122
9029
8498
7852
3265
3291
2404
8578
2101
7915
6198
4413
9599
5146
7225
7222
4063
759
3948
3169
4880
6646
2484
3180
6506
2225
9777
2908
1649
5999
2458
89
3768
1955
1186
9313
9241
3018
5174
7460
1716
5930
649
9608
8368
4702
5291
8682
9820
1070
6839
417
6049
5228
1398
9915
9535
896
5029
3782
1154
726
9815
7305
4429
5724
3306
6616
6531
8348
3436
228
8467
1762
6029
2370
9726
6434
3879
4927
3693
6807
3271
8980
4064
7330
6900
8404
2935
2358
2788
6577
4764
9758
8845
2320
2135
5528
1836
8610
5963
8994
5517
5697
5916
990
8221
7060
8141
8247
4933
8482
177
9322
5327
9757
3323
2843
3085
8827
3169
4044
2330
2742
7409
548
1099
2044
6270
2694
1107
1228
1712
8497
1403
1554
9664
3731
6177
5076
2643
8155
6539
2788
3538
5230
2994
8988
8080
7147
3250
592
6998
3686
4941
1251
1849
1667
251
8616
5276
8249
8165
4420
7019
8279
2722
4726
4908
829
8680
2215
9581
4942
5953
803
8692
7970
9314
2448
4905
6311
5302
7846
7538
4663
1435
2287
2096
577
4856
6897
8425
9458
3870
6050
3571
423
9069
8664
5527
9040
7118
3102
8994
9620
6398
2966
4071
409
7100
3203
7638
1096
4660
6194
476
1158
1449
9310
7591
4935
620
5059
520
1746
5517
2084
3388
1776
6921
64
7560
7473
8941
5947
2286
4844
9562
6686
2658
1532
5962
1822
1638
8981
8762
6702
4519
8280
182
2836
1087
713
4228
5678
3835
8184
2497
5417
9421
1496
3479
5364
5217
6870
516
9775
2552
6062
2436
1016
2735
3091
2150
281
6140
5282
2196
2188
9461
205
1752
4965
8503
966
1251
9173
3758
749
5229
6198
8290
8282
9546
5017
3444
7291
7856
2533
8663
3819
6091
8651
4915
2677
2721
5523
6016
804
4113
2539
8911
9833
7375
3012
6741
6633
7709
1915
4797
338
9157
4273
5611
1261
3538
4829
3418
6102
2256
9094
2270
2868
5746
7392
4705
7962
5065
8233
6074
5594
3225
7081
1892
2711
8513
3781
7144
7036
6967
2392
7296
2650
5724
8430
9524
136
6369
7840
3128
2598
148
9500
5540
3412
4584
2768
8908
5608
992
6861
1099
8374
3326
6845
3356
7961
741
5642
6234
3609
9459
5235
9431
772
1693
6842
9619
7397
377
7820
8210
9747
3816
1464
8879
5917
2798
2291
6497
4866
4604
7082
2532
2770
5615
7141
3846
6633
5076
9712
5348
5344
7514
9561
6817
2472
6125
1026
9784
3978
3733
8268
2807
1808
333
9940
2421
9963
6463
7486
6848
2223
6063
7605
6626
2996
8611
5523
9498
9985
5098
3239
4565
6983
2666
8689
548
7795
1920
9453
9385
8531
8966
149
6196
8820
8943
810
9888
8379
1011
9067
6870
5886
5910
9785
5439
7210
6490
3594
8009
1522
3717
5450
3398
2917
5425
2469
8065
3027
8967
6234
6795
948
659
3197
6407
5254
7844
7381
8349
8817
2478
1377
2912
4057
5459
7476
722
8786
1165
4689
4484
9534
2533
8347
2278
8037
9255
6778
6332
522
2467
8231
6741
7300
1734
2543
6808
7968
574
8621
241
3289
4016
2661
2426
7089
6843
3526
2399
6311
8520
6492
3988
7514
7176
955
6277
4344
4565
6147
8117
3115
3251
3081
3485
4339
7798
3291
8592
6934
2034
7896
7809
9350
4844
5317
4299
3948
666
6775
5990
9711
1288
6729
410
1684
4327
3939
7295
5831
9662
4164
5294
3356
3858
5825
4290
7135
1160
5400
8536
5466
9006
5396
3170
2476
2543
6909
9584
5018
6374
4594
3760
5568
4213
8969
3634
9624
7908
6916
2321
9536
3185
335
6662
5300
3909
9394
4523
2689
1414
459
7099
8107
3276
1140
4767
2817
1597
1240
2507
327
9541
4493
715
9966
3246
1586
6032
4126
9206
9018
5905
8924
1005
8869
3851
637
7724
7418
8342
8492
4995
1483
4640
772
9182
9397
7350
6710
4023
3854
569
4556
7229
5344
799
2458
1506
1789
5360
8040
7353
2583
9903
4911
6888
519
4798
2763
1995
8309
2965
4890
8320
4990
3650
5553
5295
4396
4401
6829
6738
7416
1007
6548
3042
3497
9541
4375
4583
4010
3626
9860
4232
2322
3099
2014
4955
1845
7281
5363
2883
6313
9935
5011
4794
5326
9170
6721
9620
7794
5714
6271
7454
588
9148
2909
6780
6074
1462
4181
8794
6425
6769
624
9485
375
1646
7590
1562
335
7343
5809
9180
6259
7716
6056
5267
3488
9312
4056
3491
2473
2563
489
3966
8186
1985
4397
2550
2110
181
8485
3456
8455
530
9238
1458
7147
5772
2267
4921
985
8891
3323
5372
6582
2948
329
6954
7857
9095
5125
3969
7681
9382
3726
7896
8020
3364
8706
9071
523
5338
3244
3227
8506
3736
9629
8866
9781
3827
7413
5890
8295
4548
9082
8580
5118
3481
785
4941
7953
8706
6000
4714
1580
2232
7460
378
8306
8660
7672
7240
7926
8968
279
5633
8655
5622
8757
3117
9457
1519
6000
4500
6268
4752
792
3877
7951
7809
8488
3096
5589
935
209
2564
8547
622
969
828
5714
3005
531
2629
753
9992
240
1182
4480
7220
882
7288
3083
8733
2454
1360
5576
5559
4721
2842
2405
9273
9779
