894
2526
7905
7864
2594
6832
8654
3268
5999
1650
3999
6870
9078
6566
8078
108
5283
1669
4753
2338
7450
4033
2151
4912
1614
2475
3728
8229
8086
793
6323
3958
6080
174
8707
8759
9737
8549
3651
3384
6603
3722
1433
3817
3657
6546
1199
5693
3211
3334
7144
2047
4354
9773
1741
8671
5699
2191
52
776
1774
5353
408
7664
2709
3870
6324
3773
3303
4943
4012
8267
7351
1678
7283
8519
556
2915
6073
1483
4627
6777
4544
1092
5415
7284
1630
7219
9490
395
4953
218
2440
8436
1061
3926
7346
6128
7839
5314
7053
9345
3581
1008
7504
6165
5320
1214
7309
5582
4116
101
598
5272
3428
4309
7334
8845
2315
1292
5361
9263
4514
8052
1718
4154
1927
8119
303
7629
1502
4238
2765
2755
2137
841
344
5344
9442
5314
7506
4143
8583
3291
1948
9247
9918
2671
6599
2030
157
9600
6091
492
1973
6926
1849
5445
4443
5617
4140
6759
6969
3445
2356
3953
914
3785
443
6327
7197
4620
3566
3742
9523
5199
2802
1909
431
3242
1551
152
9049
204
6393
9731
4171
876
2955
8148
6739
3298
4201
9556
8472
3736
4121
864
4925
8247
7372
7718
8506
5833
3173
6086
6157
8214
3373
2526
8045
3805
4464
2874
498
4476
4674
3497
5481
7974
4071
806
9387
487
6688
1521
5336
8176
1979
6004
5438
5304
4928
2679
3962
1717
7504
4077
9568
7978
6000
4647
6740
2439
9891
4463
1136
4250
7420
1790
2391
7399
9637
1349
8277
62
4830
586
8395
4503
8872
985
9808
3170
2888
6251
7430
9052
2835
1242
9473
9397
217
1669
2686
1962
4463
5000
1722
8069
9112
2984
8390
9158
1942
9799
8879
2903
2033
478
9991
2671
1230
9590
5206
8969
7962
64
1792
1796
2137
996
5814
7087
1520
180
8742
281
6581
5490
4699
1278
5343
8244
867
8614
435
2269
3581
4884
2004
3342
2669
5881
5017
6894
6839
1371
8886
6022
7323
8109
1315
7728
9438
5082
587
4128
3606
4644
8876
5479
6007
4564
8624
2798
3849
3113
6200
5189
6670
4621
8736
9843
2074
6536
2164
5763
4456
4545
1266
2827
7608
3226
9198
4418
1904
175
9127
5846
6683
657
4466
2509
9266
2024
7969
1047
8292
5337
8653
4286
6094
3114
112
725
5807
3054
1232
6570
5888
6678
9207
1546
1228
6552
859
7926
198
8586
1300
963
7639
1698
2555
147
9646
9967
1084
8112
8536
9284
4051
1634
2376
6007
7885
1408
7210
5739
4518
7757
2609
6911
8454
1512
4788
858
5928
2019
3298
1821
8598
4375
9751
287
3987
2088
1244
7261
5575
9750
8773
6773
2236
8303
9653
9451
726
7545
4649
7357
4010
118
5116
1798
6042
7946
1062
9825
3831
3981
5550
3563
1814
298
7298
6242
5284
1872
9828
4672
4366
6975
8801
1685
3167
7864
3297
5406
6575
5492
4808
4567
9914
9474
1628
696
2718
9146
8079
7338
5237
4610
5855
7094
9578
9275
603
6524
9116
9814
3773
6034
5137
6010
1124
7726
1798
4446
9186
9738
8354
9474
2802
4281
3908
9965
1843
1959
4827
8833
5727
5048
3170
1725
9625
6934
3548
7361
8314
1131
1021
5597
5465
403
9508
9958
4144
6981
8858
2069
8409
7579
7322
7147
75
9421
2103
6548
1302
2047
8750
8086
4310
4741
7537
7818
6698
6844
523
1448
4274
8295
4776
3885
3496
8995
6097
3123
2054
5928
8220
3772
238
8345
4110
9762
6764
5303
8684
7361
6332
6313
2653
2035
8457
2767
1053
5490
8459
1201
5939
872
2570
6476
9424
8174
7014
9095
4419
4251
3887
5554
9282
1028
891
1750
3052
1825
4314
7546
9777
2606
82
3424
3799
6168
1290
167
2546
5998
8800
7063
3796
742
2537
3588
9636
7074
4592
3509
2722
4654
908
8714
8347
9608
8234
4708
7223
822
1107
236
5050
9340
8956
2887
1822
7637
3271
4903
6034
2178
5612
2744
6849
9461
1759
6839
1338
9032
4117
1077
3133
6041
2743
3237
4052
4499
2499
8285
7423
3920
9892
1084
1776
8272
749
5147
5891
6379
2778
2345
7398
2746
584
3239
6166
572
3116
9918
3095
2557
3527
3879
2452
9929
2693
191
6132
8892
8395
5959
187
6590
1790
2440
9751
5171
9526
1025
2225
6742
1071
7131
5640
5506
2704
5056
6030
9186
4472
3938
6309
6551
5953
3974
1259
6425
7568
3958
9566
753
481
5094
5676
8752
2154
8034
9744
4299
9637
4672
3878
6294
7795
97
6925
3024
7908
3154
8900
1430
3263
9809
6206
9423
8786
7088
9529
7203
2814
5086
3208
8979
7273
629
535
1801
8097
8680
1815
7361
5490
9988
7611
1221
9407
478
6297
8167
8936
1830
1733
7300
5969
6055
3870
5322
8595
3483
3411
3512
355
3500
1591
9731
4889
737
5813
4999
1572
7966
7773
8998
6769
7290
7145
1260
2377
9968
3890
7557
9863
4861
9510
9660
1492
4465
3455
9458
352
3065
268
3785
694
8975
1841
742
1362
1104
7599
6001
3678
7589
4445
9407
3020
1820
3207
5527
5131
2835
8250
3521
4597
9580
4618
1340
9396
9059
3146
5874
8618
1248
6759
3120
8819
403
7778
7933
971
8734
9792
8833
8613
7446
9294
2725
1736
7661
6435
5646
1381
4106
2740
2767
4076
2873
5438
1390
7249
5574
8507
4785
6419
5393
4761
6470
7625
167
1385
6233
8176
6135
4912
5318
2797
2894
4817
7605
7147
8915
7293
1731
9215
4501
2103
3548
360
9408
5667
1910
8066
5434
3699
2636
6557
5064
1486
673
316
8939
3765
9766
8774
5899
2444
1029
2978
3634
7938
8053
4837
323
5946
1380
5257
6675
8526
7272
2999
5871
2823
230
9215
7721
7558
6531
6456
5985
6350
7409
4347
6173
343
6021
8797
5611
1501
4592
7542
3535
1595
691
9097
6950
8676
6929
6211
4103
4974
9486
852
2171
4744
7732
286
5958
5128
3165
446
9580
1159
7364
142
119
9653
4373
4515
6312
8731
5216
7410
640
1917
6488
4633
3720
4209
2906
5065
9773
56
1197
6372
9117
2125
5854
1195
733
9819
7974
9639
7932
1505
2462
4645
4283
5960
9128
121
9061
3727
6360
5392
7519
4515
2712
3059
3967
2055
3912
7734
4798
5264
7431
8364
5853
9930
5174
4975
670
7150
3156
5125
8887
3865
5944
1328
6558
4662
1068
4560
4587
5702
9903
1456
860
9389
7789
7574
9741
5302
9071
7367
5925
4541
908
3631
3462
8976
1900
1854
1463
9946
3199
7615
2584
4554
3016
4138
701
5314
3258
5460
2717
4504
163
5193
2298
2806
5848
4957
1351
6599
2698
5060
8121
6697
6075
4419
281
9154
1344
7948
9068
5845
234
7260
4548
1430
5661
5324
8290
6280
5762
223
602
6872
7591
3656
4830
8815
3629
1600
5004
3552
5262
7995
8602
2829
6125
7782
8517
4568
4946
3240
7542
9426
8768
2724
257
8108
52
4226
9270
4398
9540
930
1682
6061
8519
7027
285
7926
6527
3686
4399
5732
2195
4036
6081
853
8743
5371
160
383
2617
6894
5015
4964
4411
8877
8979
2865
6410
7666
1518
8740
1393
4826
8277
3145
3058
2263
3208
5005
8668
1387
8319
3612
7833
5591
8471
5626
4564
2933
8974
3097
7976
1695
6210
4470
9785
7866
9075
3933
5812
9897
1933
4279
8594
6605
5627
5107
4964
4787
1420
2699
6065
1812
2079
9613
8316
616
8458
5465
7395
9309
3229
6965
8626
1334
7395
9399
7818
7579
3395
2642
3016
6255
277
2133
6604
5054
1322
7543
190
1896
1651
254
7003
4516
4979
1207
3391
6214
1582
7627
3954
4764
5158
6404
6993
4280
8226
1553
9324
4513
6907
1776
8774
9578
4954
5490
3004
201
4947
6630
4317
3021
5106
8664
3517
5479
7380
1586
185
180
5908
894
1001
3821
7683
5528
8457
8544
3391
5591
341
2162
3878
2228
6750
1510
1233
1617
5221
7839
3088
6515
4472
4170
9887
7380
3865
4398
8567
6926
4890
1966
9641
6488
2888
6939
4421
845
1375
4150
8371
8188
850
5086
2212
8595
2725
7060
5502
9797
6967
2794
4277
169
4864
9719
4859
9074
2305
2507
202
8059
2775
126
4269
8913
9587
9332
4229
3690
2661
5162
1960
5173
9310
3829
4822
9446
9719
5362
2305
1471
1960
8575
3244
829
767
9229
6125
2169
3529
3113
2584
4261
1797
1458
6138
5028
5908
8587
5250
3484
8715
5470
3012
764
6706
8686
4054
1444
4067
6023
3755
5964
8184
7422
7882
3458
3848
239
2399
7414
4943
8690
8390
8348
3642
3102
3244
54
6657
1430
721
6335
5465
9521
7972
4051
8168
7578
4940
7578
2830
3574
3942
557
469
3783
5400
397
662
3492
5051
7311
2739
1231
8454
9380
7844
6927
1636
6051
9128
8176
2072
703
7581
701
4906
9587
1779
6545
7499
7028
6042
5625
1646
9660
4242
3502
2320
83
1953
6566
4474
383
1701
9841
1828
4429
3827
3029
2668
8789
1031
8318
3006
5317
8087
291
6581
8656
782
4783
2462
7185
8773
1123
2026
8755
7329
5194
3935
9870
4649
50
1648
7969
1872
4214
8341
2262
4358
735
9964
7990
6968
7507
4822
4931
5139
6771
7815
540
1648
171
6907
6165
5419
3143
1157
7721
7609
2409
3956
4270
9857
2652
4388
5037
2350
3363
2932
1448
9011
6934
1825
6386
8944
1635
7238
8326
8459
9013
7907
9878
364
5898
9344
7634
6722
9598
7635
5106
5555
4934
1486
9383
9136
1564
2966
7622
1816
5621
5681
7350
9007
5273
4296
5777
786
9377
4623
9120
2445
7315
1957
1806
1062
9599
9403
5409
9794
146
7136
4124
1346
1331
9413
4345
8153
359
1201
4657
9828
7496
3293
9475
620
4941
3130
247
7484
5903
9577
6379
8770
5619
7577
3258
6602
1489
2588
4698
6014
4695
8436
7408
325
9920
2271
5905
8853
9043
3547
1833
3482
3726
1653
9813
6188
8450
5878
7444
3991
4025
9107
1079
6189
9531
9799
710
9473
5918
131
9635
932
3664
3738
3013
7257
8301
3060
9914
9147
7665
2309
7781
7178
4701
1899
1386
9227
1925
6115
560
2594
7637
1910
7834
4590
9209
6026
7920
4995
2563
7392
6754
8747
9652
8208
8061
2809
2349
2016
7304
8946
8399
5513
3208
2691
5847
6136
4827
9466
4833
6037
7086
5884
1587
7407
5510
3102
2031
4415
3837
6747
1528
7678
2910
5751
836
9667
7509
2070
3214
9391
9834
1032
2963
6563
5056
7216
1352
6857
7973
2487
7657
3520
4308
9499
7845
9318
5452
1548
3135
9736
9100
1352
6934
5728
1107
8153
869
7303
4809
7577
4053
5915
3647
2548
9721
426
6017
3869
4428
8397
6302
5048
4976
3215
7038
3555
5998
1296
1507
5746
3122
9787
1991
7083
7917
1245
402
1073
3969
5722
3241
7614
9003
7346
2106
168
1426
475
5731
262
5685
1282
1343
7180
3102
9442
8428
3993
5036
7777
3927
6279
96
2775
6141
5189
2894
6976
8382
5515
1204
6050
2739
512
3087
2941
978
2374
5713
9627
4342
1557
7773
871
6191
7068
8358
9518
8456
360
3716
6839
1862
6805
934
2119
4925
1816
2765
2922
2490
1176
6510
3976
5091
1871
2455
8455
5156
7240
7426
2485
773
8698
1827
6027
7885
1393
6644
267
4747
2843
3316
1302
1103
1471
396
2433
3932
8984
1035
1360
3739
5728
1479
4743
956
1402
1304
5537
8835
9246
9091
1945
4637
8896
3581
8460
9001
2547
6427
2209
4838
1887
4983
941
749
6194
5590
4108
2650
9372
6359
4584
5938
3326
6626
4006
8895
9003
8637
5246
2574
9182
5623
7927
5350
867
2600
6281
1072
2583
4192
2347
4582
5493
7910
1969
3971
1606
9852
3737
5267
507
3335
6236
2586
3078
3221
8292
9433
5232
2350
5771
8296
5519
2139
6152
8760
1162
2038
7456
7453
8647
7350
5877
9481
9160
3596
8722
2995
1490
4899
1802
1069
1775
7008
7035
9292
2409
6618
7197
6290
2756
2161
5789
9791
4429
3095
2014
3406
2202
8905
2390
440
6406
1883
827
2515
5727
2800
6962
8992
2926
3965
6318
6750
7958
6285
8158
2131
9057
5580
3703
8484
8807
1621
8672
9243
6903
2437
8174
2697
242
8109
7034
9839
5189
5667
6031
5504
6713
7857
8323
1973
9773
162
1292
9713
6535
2813
2541
1767
9328
8056
4919
2436
1689
6489
5960
9120
9873
7436
130
6511
4395
2801
3354
3913
4742
4073
9066
5809
9449
9143
3440
4067
3698
7950
8189
3592
4316
1520
8625
6478
2845
6460
2269
582
8801
8617
7875
9671
5603
2489
7554
123
7934
6965
9327
2047
775
945
828
2257
3229
7729
494
592
9916
6110
7135
2192
2880
7340
2858
3784
3725
4079
9807
5624
2651
9763
9885
2870
5641
9673
4190
8570
775
8351
7343
3501
9316
7202
6441
154
5513
7215
4941
4849
3333
5797
1031
5000
2811
3620
4265
1825
1100
2617
6851
4434
8777
2251
7692
4788
7397
4453
8563
2504
2039
2462
9644
9018
3149
1698
3702
6397
7348
3499
9834
654
7358
5094
5279
4748
1890
7471
7836
7904
4352
1028
8285
1300
9363
6902
2081
6760
9696
460
1314
7430
2531
5735
1375
6514
5624
741
3503
5093
8208
5555
3559
2087
9616
6414
6767
6308
8076
7391
6288
6589
3701
7406
724
3010
5389
4061
5749
4237
4081
7349
5543
4299
5975
7251
3345
1696
660
5345
7041
3220
875
1649
4397
1918
2264
6082
4778
1464
6409
4630
3157
9624
9839
8129
3858
3462
7362
4481
558
1755
1868
1911
5081
909
3567
1233
3569
4837
6376
8203
7816
4162
3749
1846
7695
4968
4537
2720
1104
7903
9664
5575
2957
3563
3085
3180
4470
6388
1137
354
1382
8198
6122
5368
7813
4429
9765
1774
1717
3318
3484
275
7911
2780
7375
4502
4479
6144
3286
7481
2730
8295
5750
1924
4987
2024
1278
9163
8333
1783
8347
6985
1681
6367
4598
2776
5420
6106
2673
8165
702
9102
8201
4839
4569
8081
3871
9361
199
1492
5417
3403
3069
9233
389
268
3331
2158
7297
4914
6944
9816
1384
1912
6472
6338
7421
4109
2984
8585
590
2035
3029
1620
1251
9130
5134
5243
7955
3681
3149
363
5522
3250
1815
6229
7496
4750
7776
3381
7819
2613
7200
835
1097
5174
4367
5112
1539
7034
3059
7261
210
5818
661
1726
7126
7824
7229
4989
4044
2225
9231
4698
6897
5867
8234
5690
1259
3773
1274
1993
5269
1314
3827
1585
982
4863
3884
8711
5145
7548
5486
7116
9993
7264
4727
8058
1190
7252
5051
3879
9984
3724
7172
5261
717
9667
867
8713
1561
7237
4492
3147
3044
1110
1835
2495
4266
3277
1279
8145
3711
8278
4314
5196
7740
2514
5300
7239
7392
2406
8648
6651
9087
7628
2919
1071
7729
699
1935
4712
4033
9370
1732
2267
9676
2430
8464
2521
2933
7995
9523
9323
5106
1240
9967
583
4656
5828
3342
5515
4959
2694
1792
5764
2348
2449
366
6056
3589
6050
5574
1375
6677
7429
9090
9506
7993
3317
6050
1875
9807
9242
6516
6420
2985
910
1359
2759
2665
5837
8556
9938
8425
7044
9027
1597
5946
1619
5335
1188
1308
8809
2762
1418
5674
988
3748
6729
4557
3824
8779
3268
5228
1199
6159
