1437
3623
6182
3296
6662
9341
6889
5483
9122
8902
7688
2395
518
5154
2330
5776
4133
9153
6265
8045
1281
3453
1218
1180
8559
1229
7817
2762
518
9271
285
1617
2047
3567
4410
3543
543
4431
4958
4242
9897
7704
7123
9122
8493
9195
3134
6419
3355
8246
306
1893
5209
8096
4103
5086
4321
3753
1082
3345
5374
3422
6670
8073
7148
7651
1128
9197
7387
3678
6480
9608
9628
3992
7046
4160
4263
4192
4878
3482
5208
7330
9063
3510
6725
4147
5953
9493
4205
7452
5904
2547
9665
9225
565
8060
9407
2602
5266
4631
4991
940
4218
8266
7323
5064
3556
9477
4441
8028
4689
4270
9110
2740
794
6151
8595
8829
2881
5212
550
3923
6435
9888
1540
1902
3442
4100
6799
9235
9951
1225
4357
5361
7984
6527
6805
9360
5789
9189
5680
5633
6264
9229
6698
3879
9825
5599
4167
2372
7484
2011
8524
538
259
8333
7523
6211
7850
8807
2545
8221
4439
6516
7816
5531
8065
8884
6774
530
342
6416
6146
4496
9636
5761
3697
4769
9614
3917
3800
4361
9912
3634
7488
5672
98
8938
1791
3699
6186
8490
5711
6361
4878
7100
7172
4140
5628
135
8302
8931
1051
2150
8407
8227
3957
8597
332
7856
3961
1171
2315
5606
7494
2598
5919
5692
6987
6849
295
7833
8917
4845
6409
9774
8485
3539
3057
8761
9473
9511
8181
340
7471
867
7385
8092
1633
7137
6518
6738
1367
1001
3622
8892
8818
2604
7179
2835
4732
455
3049
1705
7184
1395
3811
9258
6470
9343
5898
9999
6366
7669
5808
3862
9415
717
4502
6886
1118
6633
7860
2193
3293
7521
6301
9721
779
927
5487
3086
5725
1674
5458
2145
9380
6972
8209
1984
9225
4708
6099
5790
1410
6809
9338
7272
8394
9471
3214
8246
1561
1845
8677
6160
1226
840
7341
5882
5127
1698
9745
5700
3596
6269
1678
855
3042
6709
9328
9866
3286
4728
3827
7808
2394
9019
6195
7238
9325
326
1002
2701
2532
3156
740
5867
1343
6952
6389
2933
5684
1571
8339
7708
9565
5012
6276
5389
4742
7320
2526
5739
7112
460
2272
2313
2292
3297
2626
1193
676
7630
3878
9645
9057
9097
5818
1019
5584
5726
2380
3363
5277
6296
1850
1787
9744
5999
3806
9912
494
8803
177
4448
5756
9791
479
5134
8570
9842
8688
778
5158
6278
5212
7275
7090
7554
2005
2204
5251
9307
292
7245
8869
4364
8622
4918
1009
6643
512
7577
4543
9655
8157
7230
4315
931
1417
1961
222
4380
9495
5008
8246
2696
9923
3967
1731
8296
7999
9322
1216
933
4796
7677
4568
1654
8570
1163
2913
9177
6127
5992
2677
3875
6983
4473
3050
6941
7867
2772
8040
4835
6281
6781
1370
4850
437
6229
857
1053
4361
6724
2948
3577
7834
4765
9178
1894
1028
9615
7013
3586
9399
3953
1182
9337
3391
6008
3951
1068
9496
9607
2413
2134
9842
715
7207
5026
1510
3660
3711
3894
1964
3083
2010
7309
8682
5850
9699
8545
131
3474
6355
1849
7796
7053
3442
2828
3022
5574
9431
7947
459
6493
9241
9826
5142
4331
5933
3789
3765
1675
2578
667
4167
7650
4889
2383
1872
1465
6457
2438
9670
7125
6395
6956
7431
7733
660
9348
197
5737
2761
6183
5472
1675
3546
4866
4438
4625
8113
9936
2882
7927
5571
8486
4827
9293
7208
5912
2683
6971
3619
6077
3972
7440
396
6430
7752
9544
9739
4890
712
4331
9787
6118
9157
7794
2488
6034
3164
293
9956
9406
5973
1040
5809
3275
968
1816
9309
2170
2369
8820
3645
2218
5101
3339
5829
2839
849
7290
1154
8005
7454
2668
8995
2145
7767
4430
6238
4650
6026
1964
8802
7042
1729
8947
459
102
8445
1466
5939
7136
330
2302
9023
1428
6971
646
9969
4694
3835
1509
7997
8926
7423
6686
5471
7850
5212
5347
2614
5914
4390
3174
1829
1445
7454
9339
3985
2464
6924
5590
295
1938
5508
9714
8306
5131
5760
5788
3315
626
4947
6691
4707
2125
2899
3328
4774
4302
6493
5685
1469
9832
1492
5425
4445
1336
3760
6717
5841
9739
9003
3190
3204
6682
7155
7664
5299
3358
7305
8088
3933
9844
6509
9811
65
6485
8605
1990
7373
8559
8765
3964
4891
5919
2133
5868
4698
9630
4485
1742
8409
4370
9670
7089
866
3244
7960
6637
2667
9816
8992
5987
5095
8314
7419
9397
9392
9412
7661
9030
4897
5539
6157
2014
6207
6590
1425
8193
2311
8788
4053
3979
2289
3254
1951
8284
2848
3778
9262
8323
7402
1296
3003
5570
355
9384
5062
8578
5648
6182
139
4363
7465
2845
7764
8308
3022
9362
1378
4896
5407
9891
1078
6452
2647
2891
6497
1975
3310
9172
9064
5797
3757
7731
4753
2908
7809
7599
6249
4442
3733
7691
9407
5435
871
4801
4106
9487
2095
9424
9776
5302
5642
7511
4608
8144
2825
6844
8053
3464
7969
9935
2851
1824
2349
5495
3567
6856
3373
3988
7372
2352
6125
1144
1482
8794
6638
6233
1150
5659
3885
5167
6345
7137
3860
8741
8127
2800
4609
7412
3735
1027
3106
2599
9749
5424
10000
6347
6253
9800
4092
2390
2770
8326
7949
2431
773
3190
9277
7885
3262
7524
3427
8842
2338
6106
5471
9011
7863
6926
2278
3021
3459
251
5130
7484
5919
5919
8998
9740
2364
612
4952
4765
1875
4317
5413
7417
4710
9430
9691
6557
9808
5929
9687
7610
5367
5754
1482
9092
336
6417
9283
4269
5702
556
9574
4951
1364
3516
6296
6092
4503
1086
6684
2076
7739
9866
7441
6967
7432
5933
6671
972
8727
5945
4850
3522
7430
471
5374
4190
5783
7844
6583
5742
6664
6841
2617
8748
4500
4185
7271
7280
6485
491
8104
6003
1013
6177
1768
1485
7283
3736
408
3036
1735
2574
3807
1941
4582
8704
2075
8124
7476
4918
2054
4487
6451
9533
4099
4943
655
7472
6537
3101
2411
6541
7805
6363
4444
6816
9998
7498
6983
6879
5669
8128
9602
4489
4738
6279
1972
3440
1583
4876
9519
6320
2637
245
9641
6533
3496
3055
6900
9682
3808
5392
8690
2579
1184
5976
1545
4129
8186
6234
4200
5547
9382
3496
8338
9868
4956
8790
8786
3608
8351
9556
8286
3349
1764
6695
180
976
6245
8436
9576
2303
607
2049
1183
336
5156
6099
4460
4277
8193
3002
7184
1310
7328
2039
6760
3160
6849
9474
5366
1729
2219
6349
1755
4197
3612
9019
3868
7230
8331
5073
5633
4376
1037
1681
9178
8045
1014
6611
1467
6511
9643
8475
1262
4922
3374
1104
256
9496
8015
1039
1926
3748
8585
6089
6765
8835
542
7686
9645
6296
2078
5842
5792
7238
4080
1866
6964
2198
9249
7417
2941
885
2672
3644
6290
6433
2411
7435
1533
3407
6054
7167
9794
8272
2341
4268
397
7356
5763
2862
5182
8760
3410
1496
6852
621
6616
1986
7806
2213
6277
1912
1158
8622
75
849
7596
1207
963
5826
591
6097
4582
8959
4146
2088
6660
922
6234
5282
4509
9415
5709
9334
9823
9713
3311
7974
7858
372
3718
8373
4402
606
666
5483
8073
7702
610
2288
753
2473
6189
7796
9693
7616
4141
3761
6888
4945
2989
4834
798
371
7536
9096
3842
7806
767
4862
3240
9775
5571
6005
3076
3151
2920
9908
5860
3002
8447
963
2981
8356
3845
3600
1113
5562
3929
4610
611
3631
3974
8779
434
6156
9031
7032
1469
6210
8889
785
7191
1907
4789
107
3759
8790
3721
2199
2215
3374
3937
7477
8991
9806
3184
2973
9635
5089
1715
7084
9810
3977
4704
1680
4710
4637
1525
9782
3937
4244
2881
3787
5155
9971
8540
5326
6469
2585
6899
3980
857
1458
8350
6441
2491
9658
9742
6378
174
191
9111
2709
4724
6641
8232
3043
7523
6770
4449
7370
5508
8207
5413
2456
3897
4173
7462
2946
1604
5097
8983
6036
5541
148
3862
614
6036
1724
6148
4168
2632
600
9117
792
5819
5330
1787
2215
8556
8055
6889
7952
4304
8948
4819
1601
126
3572
489
4328
3732
6760
8731
822
2607
2502
5807
6001
6667
1065
3082
2151
7550
2305
9555
6380
6682
4458
8494
4941
1464
7376
9477
7930
9505
2435
9933
6809
8078
897
8636
8197
8301
389
8662
764
1723
1578
842
7269
9978
784
868
2790
7461
7716
4908
1676
7369
1015
4570
9853
9709
1837
2578
2538
9409
8502
8223
7503
4506
6286
4129
1999
5042
3978
9835
8690
9962
7925
7725
6867
2291
8545
1677
4754
8403
9532
5828
1095
3681
100
3111
7664
5302
4596
8680
1985
2733
9988
7694
4898
293
7819
5856
7236
5961
176
1434
2339
5151
5252
8214
4671
6639
3901
9135
7630
9786
4344
4034
6162
4268
1186
6167
1135
3999
5859
4668
7670
3027
2558
6157
4180
3637
3530
7476
2783
6793
9033
9877
2565
4544
5898
8321
4800
5107
5807
7814
2790
1241
8325
5593
4761
3183
4669
1172
3555
3120
6542
5935
7608
755
1302
4002
3248
1195
863
3564
8932
4170
9917
6000
8102
7698
9853
1129
8876
3767
5539
8990
5153
498
2979
7972
5928
3947
1514
5408
6873
1844
8002
4317
2949
7115
5867
8992
4376
8021
8467
9055
6637
3041
5390
5820
4501
9070
2158
865
6375
82
2769
6492
605
5395
7291
8848
691
3649
1354
4657
5802
5505
9816
2579
1873
7100
5981
1134
3723
3046
9955
2245
3822
7941
5835
3578
3782
2584
9460
2953
843
6773
3137
6354
4843
8753
8793
3420
5072
2063
7944
4128
7421
4886
9190
6842
402
4730
5341
5319
2998
8392
8721
8893
2343
8640
6928
4494
5702
7930
7222
5342
7293
6908
329
5640
9641
5202
8544
3772
8671
4173
3687
7423
5645
5312
4841
6870
439
8428
6839
3518
7985
5656
8645
7654
9387
8971
2692
5043
4035
3553
3786
7999
3186
2807
4909
4670
2048
5649
7645
3112
2905
9169
7561
6328
463
4344
2144
6394
292
9759
4860
5121
4775
3832
2131
6859
9647
7338
3477
9106
5101
6138
8484
988
7466
7289
1910
8964
2685
7093
759
9782
788
2656
6330
2214
595
8479
9471
2513
3715
5872
2171
678
152
2412
4744
3916
7512
9607
5547
3512
4287
1176
6624
5214
6010
9125
1473
4791
3894
1573
9033
2891
110
5013
1139
1613
9368
9033
6964
9720
6990
1086
8542
6637
2812
3565
6627
6616
7635
4755
1813
4182
1737
2713
1387
568
4028
6358
7381
9498
1190
523
8435
3623
315
9037
2008
2866
5835
4297
6822
4114
2551
4257
2978
8465
452
4106
2347
3629
5525
8429
6117
6424
778
7441
5110
4559
9060
273
5030
6105
5971
3782
571
8433
9878
4620
3265
3300
1577
1393
4695
9855
9681
8625
6372
5232
4376
1332
2495
3388
3100
5778
5801
3272
9343
9627
3954
2274
5657
6928
7283
4283
280
9470
3247
8542
2132
1344
4687
3707
4238
3790
4152
8238
9949
3778
3129
8804
848
8788
7083
5321
7167
3216
2318
8231
8244
7045
9071
3639
914
7027
8592
2164
9425
1958
3662
7788
4452
3897
4785
3269
3321
8020
9698
7364
4871
3279
8054
5296
3404
7986
6165
1421
2011
6701
4843
5569
6075
1070
282
1149
6033
2389
81
9652
6239
9883
1230
6834
4621
7993
5999
7803
5810
7291
9782
2199
727
1271
1324
6222
7270
3687
9097
3837
8910
6849
6377
7038
9308
7332
2118
3501
7505
5160
1554
7689
3148
560
5954
419
1590
4592
1770
5525
5586
3250
2969
4418
4921
9684
6153
3567
9318
8548
6951
2430
4407
7969
7123
9491
8351
567
4289
4540
4303
1001
2772
7503
2460
794
3968
1239
3314
2318
7604
8785
3197
8767
6770
7230
7359
5871
989
7431
6867
8243
5841
2319
6319
2300
4349
4859
939
9948
7758
4173
8491
5674
5128
2853
3334
6047
9016
6240
2619
497
3211
6234
8688
8378
4816
8948
4419
9601
2291
5802
482
1403
7272
1215
1992
1066
9951
2924
6934
7674
8672
4728
9808
7953
5055
2623
6087
8008
5995
8571
942
8351
576
2320
6745
8387
6074
4382
1917
4076
1127
3542
2025
1583
5751
6224
3585
8126
4968
4116
6963
3274
545
4712
9377
284
2903
6595
8627
8794
3855
5017
6170
3453
3327
4166
8058
7599
8590
9494
7755
7766
9991
1986
3190
8216
4553
3108
2076
605
4937
5615
7944
2076
5186
7906
5878
3904
9789
6330
7242
9870
8739
873
1461
2449
5123
6513
3283
4065
5663
4138
6749
1701
4491
4791
4737
90
2820
1520
7436
1516
8931
9732
3928
6910
2499
7776
3268
2611
386
7141
7104
9918
2086
5038
1146
3491
437
8557
834
8981
74
9475
353
1770
4934
3798
7931
720
7088
4012
7240
3043
2510
7995
5771
7873
3675
4563
7273
7465
4654
117
5079
3948
9385
7952
5769
5333
2175
6044
5563
3819
672
6141
9182
8884
6303
7762
888
3528
3250
5379
1096
4205
5304
9548
3264
273
6022
3870
1794
1887
9709
3691
8891
4348
8049
5333
8206
2836
9664
2754
6396
5347
5213
7208
8526
5637
4580
4034
8051
4754
8792
909
187
6886
1986
3465
91
8651
3334
6586
5794
1592
5063
138
604
5660
4933
9594
6880
4468
9158
1657
1936
7748
6468
7637
2539
8770
7937
3538
7684
4143
7166
3398
9973
8892
4445
7848
1243
8901
8339
7024
7028
816
1305
5191
9327
9344
8498
5528
5613
4188
6397
6410
8858
3478
3793
2012
8386
3361
9477
5774
5416
8321
535
7959
5723
6301
8842
3545
9042
2072
2820
2805
468
7971
6621
5279
2046
1302
8606
5020
9951
8723
318
8137
1572
7012
1485
1002
4333
5144
5632
1387
9299
6137
5891
7054
3824
1984
3254
1523
8015
248
4904
2986
8364
6995
8509
4350
7569
573
1279
5002
7763
6128
4326
3056
1361
2679
5288
2818
9492
4309
9107
6455
5957
6921
5363
6154
1403
2985
6048
3641
5593
8775
6195
4299
7430
7785
1786
7276
6953
3386
4244
920
7441
3982
9212
2398
5207
6225
6743
5252
3963
5795
6310
2533
6362
2038
1262
5434
1276
1634
62
8773
3085
1958
6926
928
5776
2277
8412
5032
820
2657
8448
8540
3083
6554
4112
3249
7174
3788
3784
1683
6842
2890
8255
2824
1964
2716
6072
8802
6612
6013
3160
8181
626
1658
9476
61
1733
9757
3250
5276
1945
6066
9830
6414
5549
4884
5705
1252
1299
4639
339
702
999
5833
7080
7890
6395
930
524
5554
5741
9431
6659
553
9404
7174
8385
7691
7275
862
5662
1353
3142
958
7854
8886
1500
1020
6195
951
730
2001
9759
237
1367
623
9044
1937
3835
8323
9799
9563
9661
5508
8927
8354
1162
7988
7428
9032
7462
4521
4017
8540
5345
6419
5226
7192
2200
2386
3569
8628
4961
1461
8569
6083
9288
2792
4421
7766
579
7564
8942
3075
6167
9784
6449
4187
6127
1256
6147
1211
656
2311
8926
4549
8604
9876
7379
1019
8696
67
1745
2382
8201
8725
9035
4926
1449
9981
3811
8853
2974
6600
5323
1525
3103
9014
7930
4180
8965
5485
9921
9699
3213
1822
7514
1174
5495
4619
8014
2299
447
8476
962
5874
8071
159
9112
2007
2010
5895
5428
6350
2439
1611
1815
9191
6841
7426
691
9390
5391
6245
3986
2400
2130
80
3799
5940
1694
5481
3160
2117
8986
3708
6701
1674
3936
4347
8902
693
6512
132
5353
3580
6745
8718
5987
2578
4183
7744
9954
4378
5718
3046
6114
1968
5737
2261
4500
5991
1944
9008
4750
7715
5756
301
3233
4253
4429
7529
7286
8249
3158
8238
8457
5440
6196
5676
6975
9731
7625
1524
6218
4214
6422
3162
5167
9304
7814
3398
7444
6739
4497
2598
5893
196
3269
8735
8179
2249
5128
1439
8448
2250
8734
1148
9453
694
4791
745
7310
7592
1047
1778
3012
4746
5883
936
666
5469
8240
8634
9918
3524
296
290
1361
6611
1223
9985
455
4057
1863
2312
1483
3736
1663
1123
2052
6989
5411
9799
3346
3827
7753
5305
9443
4928
7429
8705
9971
7918
4378
1140
3642
6443
7391
7737
7946
6379
8610
971
6820
6013
3798
1354
1921
8888
6587
204
445
5324
7846
1428
7301
4165
153
3657
1810
682
6601
114
6272
4860
1522
8153
2525
4425
7776
4511
2666
4107
7773
4722
8745
5292
260
6335
8661
8493
4020
6526
2569
3374
1073
4833
2947
9992
5848
3014
7383
1744
5598
2303
5820
1188
9939
4472
187
6669
9188
4567
6052
463
82
2051
8466
4583
1635
1893
5477
4617
3858
1490
3970
5457
999
6306
3211
75
9514
8415
6771
5999
1895
3189
3109
2243
6828
2389
253
6875
4181
4419
8734
6292
8035
9614
2627
7337
1293
8211
3546
2295
2127
7966
4585
5242
5978
3931
4815
6781
1568
439
5920
7560
2321
5944
826
7813
3780
1196
884
8487
129
2552
6742
1386
8966
4708
953
3909
4086
2439
8374
5332
6717
8817
3103
4563
1162
1678
3674
5337
5839
8422
2336
6547
1546
342
3278
7776
191
510
6358
4985
7167
3724
979
4108
9769
1050
7805
86
9966
3156
5181
235
8458
1515
9501
1972
4883
9532
3002
2786
5782
6367
3907
7650
5581
7134
2983
2821
152
6864
3584
6831
6334
581
5334
7022
6311
9749
9455
3983
1297
2978
957
8391
4535
7187
7892
3200
829
8490
1691
8481
8779
2745
167
6181
7087
5804
8147
52
2071
1996
7758
1472
1740
9451
7882
7410
4621
5406
5115
6385
1689
1335
9098
2586
962
975
2246
261
4928
9260
351
5914
2770
6459
6650
3158
9412
9417
3893
9696
5111
6618
2195
5736
314
906
1373
7623
1135
9629
2475
7813
3945
1658
5507
3011
107
9329
9780
2317
9947
6578
3932
306
1609
5769
1878
1271
7047
6007
658
3970
2602
4824
6196
6619
4619
7461
7022
3902
2539
1186
2783
9365
6463
7379
329
5394
1500
9301
1167
9092
3911
8592
8869
1906
8541
8178
8100
6696
1054
2282
6519
3280
2398
5226
6125
4160
2716
2870
8553
3608
1682
6887
2162
4552
1723
8045
1036
5151
4846
402
2132
2003
3000
1672
4334
7667
9994
4296
8208
2733
411
5580
194
3072
4334
3970
584
2574
4115
5466
7044
1037
566
5670
4354
1675
3236
750
2160
1691
7367
1846
4735
9887
4443
8155
6825
1747
4179
7672
4167
5562
9414
6332
9471
4444
1296
8081
4304
1330
1624
8573
1488
4479
6478
3461
8138
6199
9388
9339
7931
6298
2391
4571
7780
9414
5930
7876
9108
236
6645
3472
9786
5861
1107
6848
2789
1655
3218
9410
3881
6459
8514
366
3780
9030
5067
4217
8628
6028
7262
9270
3073
9024
8069
1887
6811
6169
9083
8274
2457
729
1228
4675
8465
6328
5274
3565
1832
2801
1056
3619
6321
5945
8974
5140
4415
2254
7624
7889
5626
2871
5266
8842
2894
9487
517
9951
8734
4915
1651
590
9806
340
4998
9520
983
9754
2091
8248
6479
2962
8763
3864
1035
8962
5408
9084
4381
4550
974
5027
5148
9394
9229
2459
7477
7176
7476
8889
5610
3475
4407
5971
1333
5218
7529
6637
2148
2606
1809
4422
3885
9378
3896
578
2875
1700
8256
7698
1391
7744
6033
5385
5377
9750
3236
8390
6919
7930
8647
1767
3993
8083
5267
8330
1683
7549
7752
5974
8682
9938
8620
4103
1267
6752
1472
4771
8361
8680
5978
3833
1574
4804
1514
73
4162
9114
5315
7576
2078
6065
570
2354
4512
1015
3882
1227
4214
4349
4138
1981
3785
5800
4069
9843
6861
4510
4842
947
3643
5238
2847
9558
5175
8830
5804
9917
1220
5594
3385
8699
8474
1166
4609
9610
3327
9258
5531
8303
3856
8974
9490
8155
4895
952
1276
947
7465
5962
8393
9133
5554
6508
90
5956
3055
1672
7023
722
3143
4496
8797
4858
9163
1202
8318
4126
7035
6254
9397
8193
5916
8376
6786
5816
1822
975
713
6677
7192
3116
8491
1517
2620
8930
3565
1013
8513
4293
8992
3831
9580
1012
260
9443
7329
5015
3553
977
8983
1169
4530
6671
8822
5469
3564
7723
683
6021
9991
6720
9323
2797
1001
6581
9285
8927
7812
5477
9806
1452
9268
6564
1514
4438
2882
4800
4278
2984
4029
6030
2638
6929
3289
2161
919
9242
6795
8177
6935
6922
4758
5868
6656
4481
6147
6082
127
4001
5590
1290
801
7921
6509
567
7237
8149
5779
7798
8032
9789
2019
8005
5828
3345
5373
8305
7621
4782
4762
3247
3904
2596
8269
183
9344
4168
2529
9647
5701
6038
8506
7228
4014
5362
4099
9195
6040
3953
7954
392
925
2736
3512
5287
7146
4613
5208
2242
7771
9290
6651
9437
5665
8222
9800
5262
3568
9469
6704
9195
9296
9404
2122
9918
5648
6487
1400
5799
5688
3432
6496
2602
2397
222
6547
6993
3169
9626
113
1667
3649
9154
1346
9080
4059
8890
686
6969
4370
8665
5662
3787
851
8161
5375
598
8497
1793
2063
7035
1019
3260
3093
9851
6904
358
7644
3546
3596
6459
6536
2119
4820
2657
6598
4041
4506
4705
2305
9826
5753
3632
1727
1403
4466
4706
9306
1611
5737
2621
3821
176
5618
5241
472
5962
2866
8224
7151
6308
7360
1550
3263
8567
4523
6569
1575
3213
7054
5852
8122
1807
3465
1183
1129
7550
516
1942
2493
4315
770
7998
412
1963
2577
912
3204
7616
4494
3063
3495
9281
5445
3910
5614
1894
1746
3542
1953
5143
3106
3479
995
5204
819
146
7283
5886
9537
8726
1478
7367
4938
6302
6833
8499
7924
2767
2490
7657
2654
6353
9916
161
3984
2541
2508
3459
7722
5914
1847
1752
340
9518
5071
7081
2081
4737
5085
3664
7346
346
7763
7833
6275
2398
8432
3840
1950
3959
7804
3000
924
5348
9119
2249
5032
4895
7794
4067
9443
7813
2546
651
495
2209
5828
9276
2743
1001
738
4039
7044
6396
329
7438
3402
8300
